,trade_date,ts_code,open,high,low,close,pre_close,change,pct_chg,vol,amount,turnover_rate,ma5,ma_v_5,ma10,ma_v_10,ma20,ma_v_20,ma30,ma_v_30,ma60,ma_v_60,ma120,ma_v_120,ma250,ma_v_250
0,20210727,600262.SH,13.34,13.49,13.03,13.03,13.3,-0.27000000000000135,-2.0301,9189.0,12128.145,0.5405,13.136,17788.476,13.0187,17547.24,13.3862,13049.3245,13.6979,11337.776,14.3574,8836.0338,14.9544,6623.7407,16.589,9015.1143
1,20210726,600262.SH,13.42,13.58,13.13,13.3,13.38,-0.08000000000000007,-0.5979,19101.87,25515.991,1.1236,13.13,19075.876,13.0651,18132.38,13.447,12761.0245,13.7408,11336.615,14.3932,8730.2338,14.9759,6601.7407,16.6182,9038.5959
2,20210723,600262.SH,13.09,13.54,13.0,13.38,13.02,0.3600000000000012,2.765,32482.51,43212.02,1.9107,12.992,17955.102,13.0964,17133.693,13.4984,12076.631,13.7856,11011.9863,14.425,8447.186,14.9979,6521.2085,16.6443,9030.1273
3,20210722,600262.SH,12.93,13.12,12.6,13.02,12.95,0.07000000000000028,0.5405,12096.0,15672.311,0.7115,12.882,14361.28,13.1128,15483.111,13.5447,10778.1725,13.831,10293.0147,14.4562,7972.1112,15.0231,6334.9876,16.6716,8988.4012
4,20210721,600262.SH,13.0,13.15,12.88,12.95,13.0,-0.05000000000000071,-0.3846,16073.0,20878.196,0.9455,12.852,16373.602,13.1681,14932.411,13.6075,10607.2895,13.8894,10040.1813,14.4968,7866.1593,15.0571,6290.7626,16.7017,9076.908
5,20210720,600262.SH,12.61,13.02,12.55,13.0,12.61,0.39000000000000057,3.0928,15626.0,20020.516,0.9192,12.9014,17306.004,13.2344,14452.511,13.6744,10785.345,13.9551,9691.6523,14.5413,7643.1927,15.0928,6280.621,16.7329,9136.9284
6,20210719,600262.SH,12.78,12.81,12.42,12.61,12.83,-0.22000000000000064,-1.7147,13498.0,17021.846,0.794,13.0002,17188.884,13.3096,13322.511,13.7526,10775.6,14.0158,9373.7633,14.5841,7423.3867,15.1265,6231.6046,16.7646,9286.8651
7,20210716,600262.SH,12.91,12.91,12.76,12.83,12.87,-0.03999999999999915,-0.3108,14513.4,18616.729,0.8537,13.2008,16312.284,13.4247,12541.611,13.8339,10387.8,14.0909,9167.4637,14.6332,7286.47,15.1675,6228.9274,16.793,9358.256
8,20210715,600262.SH,13.2762,13.2762,12.8402,12.87,13.1969,-0.3269000000000002,-2.4771,22157.61,28969.644,1.3034,13.3435,16604.942,13.5189,11975.571,13.9107,9837.4,14.1576,9005.517,14.6829,7126.8595,15.208,6232.2328,16.8182,9428.2725
9,20210714,600262.SH,13.4743,13.4743,13.1969,13.1969,13.4941,-0.29720000000000013,-2.2024,20735.01,27804.022,1.2197,13.4842,13491.22,13.6477,10195.61,13.9846,9028.5445,14.2263,8469.7633,14.7288,6816.4493,15.2436,6128.62,16.8417,9469.6519
10,20210713,600262.SH,13.613,13.613,13.4446,13.4941,13.613,-0.1189,-0.8734,15040.4,20480.706,0.8847,13.5674,11599.018,13.7537,8551.409,14.0376,8233.044,14.2884,8006.9963,14.7631,6518.5492,15.2791,6038.412,16.8619,9487.3984
11,20210712,600262.SH,13.4941,13.6626,13.4941,13.613,13.5437,0.06930000000000014,0.5117,9115.0,12534.975,0.5362,13.619,9456.138,13.829,7389.669,14.0787,7938.7325,14.3399,7721.8907,14.7927,6298.5492,15.3136,6052.927,,
12,20210709,600262.SH,13.5338,13.6527,13.4248,13.5437,13.5734,-0.02970000000000006,-0.2188,15976.69,21819.113,0.9398,13.6487,8770.938,13.9003,7019.569,14.1302,7951.133,14.3931,8014.7907,14.8203,6183.8658,15.3453,6213.6103,,
13,20210708,600262.SH,13.6328,13.6428,13.5239,13.5734,13.613,-0.03960000000000008,-0.2909,6589.0,9015.615,0.3876,13.6943,7346.2,13.9766,6073.234,14.1901,7697.9665,14.4443,7595.6677,14.849,5976.3377,15.3713,6212.7615,,
14,20210707,600262.SH,13.7914,13.7914,13.5932,13.613,13.7517,-0.13870000000000005,-1.0086,11274.0,15532.264,0.6632,13.8112,6900.0,14.047,6282.168,14.2501,7594.0665,14.4925,7667.372,14.8824,5934.371,15.4019,6350.0423,,
15,20210706,600262.SH,13.8112,13.8112,13.6923,13.7517,13.7616,-0.00990000000000002,-0.0719,4326.0,5999.051,0.2545,13.94,5503.8,14.1143,7118.179,14.3155,7311.223,14.5374,7579.272,14.9169,5853.421,15.4357,6520.9479,,
16,20210705,600262.SH,13.7121,13.831,13.6328,13.7616,13.7716,-0.009999999999999787,-0.0726,5689.0,7882.791,0.3346,14.039,5323.2,14.1956,8228.689,14.369,7399.3895,14.5784,7575.942,14.9463,5830.271,15.4549,6569.9156,,
17,20210702,600262.SH,14.1579,14.1579,13.7517,13.7716,14.1579,-0.3863000000000003,-2.7285,8853.0,12459.233,0.5208,14.152,5268.2,14.2431,8233.989,14.424,7480.39,14.6233,7475.612,14.9757,5782.8043,15.4755,6602.449,,
18,20210701,600262.SH,14.3363,14.3363,14.1579,14.1579,14.257,-0.09909999999999997,-0.6951,4358.0,6254.592,0.2564,14.259,4800.268,14.3026,7699.229,14.477,7520.49,14.6646,7258.638,15.0039,5757.721,15.4928,6571.9568,,
19,20210630,600262.SH,14.2273,14.3363,14.1877,14.257,14.2471,0.00990000000000002,0.0695,4293.0,6175.066,0.2525,14.2828,5664.336,14.3214,7861.479,14.5156,7606.84,14.693,7237.6047,15.0326,5911.3377,15.5069,6585.6818,,
20,20210629,600262.SH,14.2471,14.3264,14.2372,14.2471,14.3264,-0.07929999999999993,-0.5535,3423.0,4928.53,0.2014,14.2887,8732.558,14.3214,7914.679,14.5557,7734.79,14.7167,7354.009,15.0475,5898.5485,15.5183,6605.6152,,
21,20210628,600262.SH,14.3066,14.3858,14.2967,14.3264,14.3066,0.01980000000000004,0.1384,5414.0,7829.375,0.3185,14.3521,11134.178,14.3284,8487.796,14.5954,7888.0015,14.7468,7454.4303,15.0592,5915.6985,15.5317,6633.2523,,
22,20210625,600262.SH,14.2768,14.366,14.2174,14.3066,14.2768,0.029799999999999827,0.2087,6513.34,9380.118,0.3831,14.3343,11199.778,14.3601,8882.697,14.6395,8512.4015,14.7785,7564.3307,15.0714,5935.0818,15.5483,6624.7523,,
23,20210624,600262.SH,14.257,14.3264,14.2075,14.2768,14.2867,-0.00990000000000002,-0.0693,8678.34,12498.76,0.5105,14.3462,10598.19,14.4036,9322.699,14.6781,8356.8845,14.8125,7510.9193,15.0863,5857.4262,15.5668,6613.4661,,
24,20210623,600262.SH,14.5047,14.5443,14.2075,14.2867,14.5642,-0.27749999999999986,-1.9054,19634.11,28389.309,1.1549,14.3601,10058.622,14.4532,8905.965,14.7153,8359.974,14.8442,7615.6747,15.1016,5765.6875,15.5877,6575.7299,,
25,20210622,600262.SH,14.2867,14.5642,14.1778,14.5642,14.2372,0.32699999999999996,2.2968,15431.1,22421.503,0.9077,14.3541,7096.8,14.5166,7504.267,14.7489,7809.8185,14.8756,7070.7477,15.1162,5555.4357,15.6073,6455.1207,,
26,20210621,600262.SH,14.366,14.366,14.1679,14.2372,14.366,-0.12880000000000003,-0.8966,5742.0,8261.472,0.3378,14.3046,5841.414,14.5424,6570.09,14.7697,7249.5685,14.8977,6694.2873,15.1325,5358.5007,15.6292,6379.7198,,
27,20210618,600262.SH,14.3363,14.366,14.257,14.366,14.3462,0.01980000000000004,0.138,3505.4,5059.285,0.2062,14.3858,6565.616,14.6048,6726.791,14.8133,7096.4235,14.9294,6579.3207,15.1532,5319.6507,15.6532,6361.8116,,
28,20210617,600262.SH,14.3165,14.4155,14.2669,14.3462,14.257,0.08919999999999995,0.6257,5980.5,8647.256,0.3518,14.4611,8047.208,14.6513,7341.751,14.8455,7038.3425,14.9565,6543.7077,15.1722,5302.044,15.6779,6367.4582,,
29,20210616,600262.SH,14.3759,14.3759,14.2372,14.257,14.3165,-0.059499999999999886,-0.4156,4825.0,6963.563,0.2838,14.5463,7753.308,14.7098,7352.201,14.8787,6925.6675,14.9829,6425.6247,15.1911,5301.8797,15.7016,6344.7207,,
30,20210615,600262.SH,14.6335,14.6731,14.3165,14.3165,14.6434,-0.3269000000000002,-2.2324,9154.17,13353.065,0.5385,14.6791,7911.734,14.7901,7554.901,14.9144,7073.674,15.0169,6334.2917,15.2101,5269.7403,15.7275,6330.7541,,
31,20210611,600262.SH,14.7425,14.8218,14.6335,14.6434,14.7425,-0.09909999999999997,-0.6722,9363.01,13901.37,0.5508,14.7801,7298.766,14.8624,7288.207,14.956,6937.7475,15.0457,6123.8527,15.2275,5183.9042,15.7523,6277.7277,,
32,20210610,600262.SH,14.8614,14.8614,14.683,14.7425,14.7722,-0.02970000000000006,-0.2011,10913.36,16242.915,0.642,14.8237,6887.966,14.9189,8142.106,14.9877,6905.1475,15.0645,5882.3857,15.2377,5078.004,15.7739,6237.122,,
33,20210609,600262.SH,14.9208,14.9307,14.7722,14.7722,14.9208,-0.14860000000000007,-0.9959,4511.0,6760.642,0.2654,14.8416,6636.294,14.9525,7391.07,15.0169,6605.0295,15.0813,5651.2077,15.246,5025.026,15.7956,6191.6773,,
34,20210608,600262.SH,14.7623,14.9506,14.6632,14.9208,14.8218,0.0990000000000002,0.6679,5617.13,8410.743,0.3304,14.8733,6951.094,14.9773,7813.983,15.0397,6970.5295,15.1041,5692.1373,15.2549,4998.526,15.8169,6205.3273,,
35,20210607,600262.SH,14.8614,15.0199,14.7326,14.8218,14.8614,-0.03960000000000008,-0.2665,6089.33,9124.901,0.3582,14.901,7198.068,14.9813,8115.37,15.0551,6853.988,15.1276,5594.733,15.2585,4967.874,15.8423,6197.8679,,
36,20210604,600262.SH,14.8911,14.9605,14.792,14.8614,14.8317,0.02970000000000006,0.2002,7309.01,10993.585,0.4299,14.9446,7277.648,14.9971,7929.047,15.0754,6756.386,15.1523,5473.01,15.2707,4936.5352,15.8682,6192.6485,,
37,20210603,600262.SH,14.9307,14.9605,14.8317,14.8317,14.9307,-0.0990000000000002,-0.6631,9655.0,14505.845,0.5679,15.014,9396.246,15.0219,7466.056,15.0917,6505.5855,15.1755,5405.4763,15.2897,4923.985,15.8963,6182.4901,,
38,20210602,600262.SH,15.0694,15.0694,14.9307,14.9307,15.0595,-0.12880000000000003,-0.8553,6085.0,9206.822,0.3579,15.0635,8145.846,15.0397,6734.934,15.1091,6144.686,15.2082,5248.202,15.3092,4817.935,15.9252,6148.7567,,
39,20210601,600262.SH,15.0595,15.0794,15.0199,15.0595,15.0397,0.01980000000000004,0.1317,6852.0,10408.89,0.4031,15.0813,8676.872,15.0477,6499.134,15.1195,5962.3365,15.2313,5163.1353,15.3257,4783.7692,15.9544,6193.3128,,
40,20210531,600262.SH,15.1586,15.1586,14.9803,15.0397,15.2082,-0.16849999999999987,-1.108,6487.23,9862.868,0.3816,15.0615,9032.672,15.0387,6592.447,15.1304,5723.987,15.2379,5030.102,15.3437,4714.4858,15.9823,6270.3795,,
41,20210528,600262.SH,15.3964,15.7233,15.1586,15.2082,15.0794,0.12880000000000003,0.8541,17902.0,27853.848,1.0531,15.0497,8580.446,15.0496,6587.288,15.1373,5541.6755,15.2455,4875.2077,15.3612,4637.9653,16.0085,6347.2442,,
42,20210527,600262.SH,14.9704,15.119,14.9704,15.0794,15.0199,0.059499999999999886,0.3961,3403.0,5177.84,0.2002,15.0298,5535.866,15.0566,5668.189,15.1373,4752.5255,15.2475,4352.941,15.3771,4393.432,16.0374,6383.0414,,
43,20210526,600262.SH,14.9605,15.1784,14.9307,15.0199,14.9605,0.05940000000000012,0.397,8740.13,13274.496,0.5141,15.016,5324.022,15.0813,5818.989,15.1457,4781.2765,15.2537,4357.0077,15.3949,4406.5653,16.0605,6434.8664,,
44,20210525,600262.SH,14.9803,15.0298,14.9109,14.9605,14.9803,-0.01980000000000004,-0.1322,8631.0,13033.071,0.5077,15.014,4321.396,15.1021,6127.076,15.1675,4631.2145,15.2722,4201.37,15.4099,4312.2465,16.0841,6401.657,,
45,20210524,600262.SH,15.2379,15.2379,14.9208,14.9803,15.1091,-0.12880000000000003,-0.8525,4226.1,6408.763,0.2486,15.016,4152.222,15.1289,5592.606,15.2007,4334.4145,15.2963,4127.57,15.4294,4258.7967,16.1081,6371.3079,,
46,20210521,600262.SH,15.0893,15.1586,14.9506,15.1091,15.01,0.09909999999999997,0.6602,2679.1,4068.774,0.1576,15.0496,4594.13,15.1537,5583.725,15.2299,4244.9915,15.3142,4084.6,15.4489,4261.6783,16.1334,6442.6322,,
47,20210520,600262.SH,15.0595,15.0595,14.9307,15.01,15.01,0.0,0.0,2343.78,3547.68,0.1379,15.0833,5800.512,15.1616,5545.115,15.2522,4375.1865,15.328,4089.9967,15.4676,4313.3685,16.1533,6486.1788,,
48,20210519,600262.SH,14.8812,15.0298,14.8812,15.01,14.9704,0.03960000000000008,0.2645,3727.0,5635.241,0.2192,15.1467,6313.956,15.1784,5554.438,15.2924,4504.836,15.3432,4256.804,15.4841,4328.239,16.1758,6523.1057,,
49,20210518,600262.SH,15.1487,15.1586,14.8812,14.9704,15.1487,-0.17830000000000013,-1.177,7785.13,11783.673,0.4579,15.1903,7932.756,15.1913,5425.539,15.3231,4495.136,15.3723,4585.0707,15.4955,4339.154,16.1964,6540.9395,,
50,20210517,600262.SH,15.2181,15.4459,15.1388,15.1487,15.2775,-0.12880000000000003,-0.8431,6435.64,9874.51,0.3786,15.2418,7032.99,15.222,4855.527,15.3374,4248.9295,15.3782,4443.088,15.507,4254.5168,16.2172,6586.189,,
51,20210514,600262.SH,15.337,15.3964,15.1586,15.2775,15.327,-0.0495000000000001,-0.323,8711.01,13395.57,0.5124,15.2577,6573.32,15.225,4496.063,15.3434,4019.1675,15.3716,4376.9667,15.5136,4207.2895,16.235,6601.8063,,
52,20210513,600262.SH,15.2775,15.337,15.1487,15.327,15.228,0.0990000000000002,0.6501,4911.0,7563.479,0.2889,15.2399,5289.718,15.2181,3836.862,15.3429,3695.317,15.3644,4305.833,15.5123,4122.0727,16.2491,6555.698,,
53,20210512,600262.SH,15.1586,15.3667,15.1091,15.228,15.228,0.0,0.0,11821.0,18178.168,0.6954,15.2101,4794.92,15.2101,3743.564,15.3399,3626.017,15.3601,4203.933,15.5085,4115.3728,16.2622,6549.9108,,
54,20210511,600262.SH,15.1586,15.3568,15.1487,15.228,15.228,0.0,0.0,3286.3,5056.462,0.1933,15.1923,2918.322,15.2329,3135.353,15.3573,3238.517,15.3591,3915.7003,15.514,4083.3397,16.2774,6506.4284,,
55,20210510,600262.SH,15.1883,15.2676,15.0595,15.228,15.1883,0.039699999999999847,0.2614,4137.29,6319.378,0.2434,15.2022,2678.064,15.2726,3076.223,15.38,3395.052,15.3568,4040.1237,15.5098,4106.1347,16.295,6527.9592,,
56,20210507,600262.SH,15.1091,15.3072,15.1091,15.1883,15.1784,0.00990000000000002,0.0652,2293.0,3516.213,0.1349,15.1923,2418.806,15.3062,2906.258,15.3944,3335.0375,15.3673,4022.714,15.5133,4138.7635,16.314,6575.2485,,
57,20210506,600262.SH,15.1982,15.3964,15.1091,15.1784,15.1388,0.03960000000000008,0.2616,2437.01,3735.118,0.1434,15.1963,2384.006,15.3429,3205.258,15.4113,3362.4375,15.3769,4059.9807,15.5235,4239.9802,16.3336,6652.1152,,
58,20210430,600262.SH,15.3865,15.3865,15.0694,15.1388,15.2775,-0.13870000000000005,-0.9079,2438.01,3732.366,0.1434,15.2101,2692.208,15.4063,3455.234,15.4256,3607.987,15.3878,4060.3803,15.5371,4346.731,16.3498,6676.7485,,
59,20210429,600262.SH,15.3469,15.4657,15.1586,15.2775,15.1784,0.09909999999999997,0.6529,2085.01,3224.067,0.1226,15.2735,3352.384,15.4548,3564.733,15.4628,4164.8365,15.3994,4178.1347,15.5434,4387.5977,16.364,6693.8401,,
60,20210428,600262.SH,15.1883,15.2874,15.01,15.1784,15.2082,-0.029799999999999827,-0.1959,2841.0,4350.796,0.1671,15.3429,3474.382,15.4529,3642.332,15.4563,4236.8685,15.4033,4205.189,15.5513,4411.4477,16.3777,6744.1317,,
61,20210427,600262.SH,15.2577,15.3072,15.0794,15.2082,15.2478,-0.03960000000000008,-0.2597,2119.0,3248.158,0.1246,15.4202,3393.71,15.4618,3542.272,15.4449,4317.4185,15.4093,4243.9557,15.5586,4473.2477,16.3914,6776.565,,
62,20210426,600262.SH,15.4558,15.7333,14.693,15.2478,15.4558,-0.20800000000000018,-1.3458,3978.02,6150.64,0.234,15.4895,4026.51,15.4677,3553.772,15.4375,4540.3185,15.4109,4273.6223,15.5708,4595.231,16.4039,6835.8992,,
63,20210423,600262.SH,15.5846,16.1989,15.1982,15.4558,15.6243,-0.16849999999999987,-1.0784,5738.89,8947.387,0.3376,15.6025,4218.26,15.4697,3508.47,15.435,4434.1175,15.4106,4398.8443,15.5899,4697.864,16.4171,6852.2877,,
64,20210422,600262.SH,15.5648,15.7134,15.5054,15.6243,15.5648,0.059499999999999886,0.3823,2695.0,4239.75,0.1585,15.6362,3777.082,15.4816,3341.681,15.4222,4305.874,15.4056,4304.9147,15.6173,4715.3658,16.428,6850.3641,,
65,20210421,600262.SH,15.5549,15.6342,15.4063,15.5648,15.5549,0.00990000000000002,0.0636,2437.64,3818.778,0.1434,15.5628,3810.282,15.4875,3713.881,15.3989,4522.074,15.3895,4341.015,15.6443,4918.0493,16.439,6881.4623,,
66,20210420,600262.SH,15.8026,16.0404,15.4955,15.5549,15.8125,-0.25760000000000005,-1.6291,5283.0,8395.289,0.3108,15.5034,3690.834,15.4826,3763.817,15.3979,4580.942,15.3891,4400.0603,15.6689,5039.8225,16.4521,6935.7219,,
67,20210419,600262.SH,15.654,15.8521,15.5747,15.8125,15.6243,0.18820000000000014,1.2045,4936.77,7863.632,0.2904,15.4459,3081.034,15.4796,3519.617,15.3939,4487.342,15.404,4442.4937,15.7019,5171.3848,16.4694,6941.4878,,
68,20210416,600262.SH,15.1784,15.7233,15.1784,15.6243,15.2577,0.36660000000000004,2.4027,3533.0,5545.91,0.2078,15.337,2798.68,15.4449,3760.74,15.3786,4362.9535,15.4103,4387.668,15.7331,5337.6062,16.4876,6937.9457,,
69,20210415,600262.SH,15.3171,15.3171,15.1586,15.2577,15.2676,-0.00990000000000002,-0.0648,2861.0,4387.63,0.1683,15.327,2906.28,15.4707,4764.94,15.3716,4484.8355,15.4202,4404.403,15.7584,5440.7907,16.5065,6951.7792,,
70,20210414,600262.SH,15.4459,15.5153,15.1091,15.2676,15.2676,0.0,0.0,1840.4,2825.891,0.1083,15.4122,3617.48,15.4598,4831.405,15.3786,4486.6175,15.4496,4398.8697,15.795,5558.2748,16.5287,6954.0892,,
71,20210413,600262.SH,15.2874,15.3865,15.2478,15.2676,15.2676,0.0,0.0,2234.0,3445.863,0.1314,15.4618,3836.8,15.4281,5092.565,15.383,4594.7975,15.477,4400.723,15.8345,5807.3048,16.5511,6990.2192,,
72,20210412,600262.SH,15.545,16.0503,15.2577,15.2676,15.5747,-0.30710000000000015,-1.9718,3525.0,5480.233,0.2074,15.5133,3958.2,15.4073,5526.865,15.3825,4633.5475,15.5067,4433.923,15.8703,6243.3548,16.5745,7043.9276,,
73,20210409,600262.SH,15.6837,16.0206,15.5351,15.5747,15.6837,-0.10899999999999999,-0.695,4071.0,6464.752,0.2395,15.5529,4722.8,15.4003,5359.765,15.381,4844.0315,15.5361,4456.123,15.8936,6449.1853,16.5969,7088.7997,,
74,20210408,600262.SH,15.5153,15.9116,15.3964,15.6837,15.5153,0.1684000000000001,1.0854,6417.0,10151.945,0.3775,15.6144,6623.6,15.3627,5270.067,15.3677,4786.5315,15.5477,4423.123,15.9215,6765.7135,16.614,7124.9413,,
75,20210407,600262.SH,15.4856,15.6936,15.3171,15.5153,15.5252,-0.00990000000000002,-0.0638,2937.0,4592.069,0.1728,15.5074,6045.33,15.3102,5330.267,15.3404,4654.582,15.5625,4390.0233,15.9545,7188.4748,16.6321,7149.6582,,
76,20210406,600262.SH,15.4063,15.763,15.3072,15.5252,15.4657,0.059499999999999886,0.3847,2841.0,4432.334,0.1671,15.3944,6348.33,15.3132,5398.067,15.3424,4718.182,15.5837,4438.7567,15.9636,7309.5602,16.6524,7188.3248,,
77,20210402,600262.SH,16.1197,16.1197,15.4162,15.4657,15.8819,-0.4161999999999999,-2.6206,7348.0,11570.453,0.4322,15.3013,7095.53,15.3082,5455.067,15.3662,4903.932,15.6071,4536.7403,15.9753,7422.0937,16.6699,7210.2748,,
78,20210401,600262.SH,15.2973,16.2683,15.1883,15.8819,15.1487,0.7332000000000001,4.84,13575.0,21584.487,0.7985,15.2478,5996.73,15.3122,4965.167,15.3929,4701.132,15.6249,4399.674,15.9818,7386.1925,16.686,7182.984,,
79,20210331,600262.SH,14.9208,15.3072,14.8911,15.1487,14.9506,0.19810000000000016,1.325,3525.65,5390.244,0.2074,15.111,3916.534,15.2726,4204.731,15.3949,4224.1345,15.6187,4093.2373,15.9811,7260.0258,16.6985,7122.0942,,
80,20210330,600262.SH,15.0298,15.0992,14.9307,14.9506,15.0595,-0.10890000000000022,-0.7231,4452.0,6736.723,0.2619,15.113,4615.204,15.2973,4141.83,15.4445,4182.602,15.6358,4065.9457,15.9892,7312.682,16.7164,7126.1056,,
81,20210329,600262.SH,15.3072,15.4459,14.9902,15.0595,15.1982,-0.13870000000000005,-0.9126,6577.0,10015.215,0.3869,15.2319,4447.804,15.3379,4097.03,15.5014,4054.802,15.6556,4037.6123,16.0042,7350.806,16.7366,7133.2556,,
82,20210326,600262.SH,15.1784,15.2874,15.1784,15.1982,15.1982,0.0,0.0,1854.0,2850.038,0.1091,15.3151,3814.604,15.3578,3740.23,15.5564,3887.452,15.6603,3938.3123,16.0252,7314.4227,16.7572,7133.4972,,
83,20210325,600262.SH,15.0397,15.327,15.0397,15.1982,15.1586,0.03960000000000008,0.2612,3174.02,4860.96,0.1867,15.3766,3933.604,15.3617,4328.298,15.604,4004.302,15.657,4026.8127,16.0473,7369.506,16.7788,7198.0472,,
84,20210324,600262.SH,15.4558,15.5846,14.9704,15.1586,15.545,-0.3864000000000001,-2.4857,7019.0,10773.345,0.4129,15.4341,4492.928,15.3726,4302.996,15.6401,3999.651,15.6689,4250.979,16.0737,7385.7723,16.801,7239.8302,,
85,20210323,600262.SH,15.5054,15.6243,15.436,15.545,15.4757,0.06930000000000014,0.4478,3615.0,5661.994,0.2126,15.4816,3668.456,15.3707,3978.897,15.6887,3919.9015,15.6629,4172.1457,16.0985,7354.8057,16.8275,7270.6552,,
86,20210322,600262.SH,15.5054,15.5351,15.4162,15.4757,15.5054,-0.02970000000000006,-0.1915,3411.0,5327.333,0.2006,15.444,3746.256,15.3716,4038.297,15.7189,3959.1015,15.6593,4254.813,16.1259,7400.939,16.8491,7344.5969,,
87,20210319,600262.SH,15.3568,15.6342,15.2676,15.5054,15.4856,0.01980000000000004,0.1279,2449.0,3828.294,0.1441,15.4004,3665.856,15.4242,4352.797,15.7566,4077.577,15.6702,4419.9797,16.1532,7403.9725,16.8667,7413.7422,,
88,20210318,600262.SH,15.2379,15.5648,14.8812,15.4856,15.3964,0.08919999999999995,0.5794,5970.64,9286.879,0.3512,15.3469,4722.992,15.4737,4437.097,15.7813,4116.9275,15.6864,4633.0817,16.1837,7432.8725,16.8811,7465.1838,,
89,20210317,600262.SH,15.3568,15.436,15.2478,15.3964,15.3568,0.03960000000000008,0.2579,2896.64,4497.192,0.1704,15.3112,4113.064,15.5173,4243.538,15.7917,4037.4905,15.6874,4597.0607,16.212,7387.5618,16.8963,7483.7368,,
90,20210316,600262.SH,15.2775,15.4261,15.1091,15.3568,15.2577,0.09909999999999997,0.6495,4004.0,6192.418,0.2355,15.2597,4289.338,15.5916,4223.374,15.8051,4028.0035,15.6992,4617.7063,16.2448,7391.7678,16.9144,7531.4183,,
91,20210315,600262.SH,15.2577,15.3072,15.119,15.2577,15.2379,0.01980000000000004,0.1299,3009.0,4618.5,0.177,15.2993,4330.338,15.6649,4012.574,15.8145,4007.9035,15.7078,4702.5397,16.2772,7371.5512,16.9317,7560.113,,
92,20210312,600262.SH,15.436,15.6342,15.1586,15.2379,15.3072,-0.06930000000000014,-0.4527,7734.68,11968.991,0.455,15.4479,5039.738,15.7551,4034.674,15.8115,4037.3535,15.7306,4916.8397,16.31,7396.24,16.9466,7625.1548,,
93,20210311,600262.SH,15.1091,15.3171,15.01,15.3072,15.1388,0.1684000000000001,1.1124,2921.0,4481.453,0.1718,15.6005,4151.202,15.8462,3680.306,15.8046,3876.07,15.7693,4996.8837,16.3452,7358.3287,16.9682,7626.6907,,
94,20210310,600262.SH,15.654,15.654,15.0893,15.1388,15.5549,-0.41610000000000014,-2.675,3778.01,5840.304,0.2222,15.7234,4374.012,15.9076,3696.306,15.817,4224.9705,15.829,5125.817,16.3789,7412.1287,16.9919,7701.4658,,
95,20210309,600262.SH,15.9116,16.0008,15.4558,15.5549,16.0008,-0.44590000000000174,-2.7867,4209.0,6634.528,0.2476,15.9235,4157.41,16.0067,3860.906,15.8091,4268.77,15.8991,5495.0837,16.4261,7427.8618,17.0173,7773.4907,,
96,20210308,600262.SH,16.0503,16.4763,15.8819,16.0008,16.0008,0.0,0.0,6556.0,10714.438,0.3856,16.0305,3694.81,16.0662,3879.906,15.8031,4363.071,15.9486,5679.5847,16.4656,7448.7618,17.0437,7849.274,,
97,20210305,600262.SH,16.1197,16.1197,15.8621,16.0008,15.9215,0.0793000000000017,0.4981,3292.0,5297.92,0.1936,16.0622,3029.61,16.089,3802.357,15.7932,4453.571,15.9998,5900.276,16.5029,7440.9952,17.0656,7881.424,,
98,20210304,600262.SH,16.1296,16.4367,15.8819,15.9215,16.1395,-0.21800000000000175,-1.3507,4035.05,6561.56,0.2374,16.0919,3209.41,16.089,3796.758,15.7927,4731.074,16.0559,6287.5443,16.5412,7479.5785,17.0908,7948.574,,
99,20210303,600262.SH,16.0899,16.2683,16.0503,16.1395,16.0899,0.04960000000000164,0.3083,2695.0,4397.122,0.1585,16.0919,3018.6,16.0662,3831.443,15.7724,4773.822,16.0965,6477.1783,16.583,7602.8565,17.1128,8035.9311,,
100,20210302,600262.SH,16.298,16.298,15.9611,16.0899,16.1593,-0.06940000000000168,-0.4295,1896.0,3072.315,0.1115,16.0899,3564.402,16.0186,3832.633,15.7531,4814.8725,16.1405,6717.68,16.6208,7826.2732,17.1345,8119.3562,,
101,20210301,600262.SH,16.0503,16.3971,16.0305,16.1593,16.1494,0.009900000000001796,0.0613,3230.0,5267.406,0.19,16.1018,4065.002,15.9641,4003.233,15.7293,5047.5225,16.192,7213.8867,16.6558,8056.5232,17.1593,8183.7433,,
102,20210226,600262.SH,15.8918,16.189,15.6144,16.1494,15.9215,0.2279,1.4314,4191.0,6737.089,0.2465,16.1157,4575.104,15.868,4040.033,15.7184,5357.9225,16.2339,8052.7867,16.6978,8372.6508,17.1826,8253.1799,,
103,20210225,600262.SH,16.3872,16.3872,15.8819,15.9215,16.1296,-0.20809999999999995,-1.2902,3081.0,4982.765,0.1812,16.086,4384.106,15.763,4071.834,15.7308,5655.1725,16.2511,8442.2477,16.7262,8463.1675,17.204,8342.1332,,
104,20210224,600262.SH,16.1395,16.4565,16.08,16.1296,16.1494,-0.01980000000000004,-0.1226,5424.01,8924.574,0.3191,16.0404,4644.286,15.7263,4753.635,15.7897,5840.5725,16.2953,9108.304,16.7582,8491.0675,17.2326,8409.9748,,
105,20210223,600262.SH,16.2286,16.298,15.8521,16.1494,16.2286,-0.07920000000000016,-0.488,4399.0,7179.234,0.2588,15.9473,4100.864,15.6114,4676.634,15.8452,6312.1725,16.3465,9986.9263,16.7868,8483.8192,17.2608,8577.7498,,
106,20210222,600262.SH,16.0008,16.5259,16.0008,16.2286,16.0008,0.22779999999999845,1.4237,5780.51,9480.114,0.34,15.8264,3941.464,15.54,4846.236,15.8898,6579.424,16.3436,10180.3637,16.818,8623.586,17.2925,8603.5914,,
107,20210219,600262.SH,15.7333,16.0305,15.5549,16.0008,15.6936,0.3072000000000017,1.9575,3236.01,5177.17,0.1904,15.6203,3504.962,15.4974,5104.785,15.9552,6949.2355,16.3436,10307.447,16.8389,8658.9892,17.3229,8697.5622,,
108,20210218,600262.SH,15.8521,16.1494,15.6441,15.6936,15.6639,0.02970000000000006,0.1896,4381.9,7035.101,0.2578,15.44,3759.562,15.4965,5665.39,16.0394,7532.9375,16.3386,10372.711,16.8675,8717.9723,17.3598,8831.8287,,
109,20210210,600262.SH,15.6342,15.7333,15.436,15.6639,15.545,0.1189,0.7649,2706.9,4277.67,0.1592,15.4122,4862.984,15.4786,5716.201,16.1117,7800.046,16.3436,10426.8143,16.8974,8742.725,17.399,8948.5222,,
110,20210209,600262.SH,15.1586,15.5747,15.1586,15.545,15.1982,0.3468,2.2818,3602.0,5613.961,0.2119,15.2755,5252.404,15.4875,5797.112,16.2014,8160.2035,16.3426,10559.4183,16.9273,8917.8612,17.4365,9152.0472,,
111,20210208,600262.SH,15.0595,15.5054,14.8911,15.1982,15.0992,0.0990000000000002,0.6557,3598.0,5499.28,0.2116,15.2537,5751.008,15.4945,6091.812,16.3059,8819.2135,16.3528,10663.9997,16.9563,8996.3232,17.4715,9300.6139,,
112,20210205,600262.SH,15.4558,15.4558,14.9704,15.0992,15.5549,-0.4557000000000002,-2.9296,4509.01,6890.301,0.2652,15.3746,6704.608,15.5688,6675.812,16.4169,10059.1635,16.3901,10690.533,16.9859,8989.3233,17.5075,9448.189,,
113,20210204,600262.SH,15.01,16.4763,14.5344,15.5549,14.9803,0.5746000000000002,3.8357,9899.01,15160.334,0.5823,15.5529,7571.218,15.6986,7238.511,16.4952,10627.4545,16.4377,10712.1993,17.0158,8984.4488,17.5454,9654.0048,,
114,20210203,600262.SH,15.436,15.436,14.9109,14.9803,15.436,-0.4557000000000002,-2.9522,4654.0,7090.618,0.2738,15.545,6569.418,15.8531,6927.51,16.5799,11285.6385,16.4786,10520.5657,17.0409,8929.5172,17.5937,9774.8889,,
115,20210202,600262.SH,15.5846,15.8026,15.3667,15.436,15.8026,-0.36660000000000004,-2.3199,6095.02,9566.96,0.3585,15.6996,6341.82,16.079,7947.711,16.7141,12642.0725,16.5341,10537.4657,17.0802,8949.7838,17.6496,9888.0389,,
116,20210201,600262.SH,16.1494,16.1593,15.3568,15.8026,15.9909,-0.1882999999999999,-1.1775,8366.0,13255.99,0.4921,15.7353,6432.616,16.2396,8312.612,16.7453,12847.4275,16.5926,10547.065,17.1147,9011.7335,17.7011,10008.6086,,
117,20210129,600262.SH,15.5153,16.0404,15.5153,15.9909,15.5153,0.4756,3.0654,8842.06,14121.957,0.5201,15.763,6647.016,16.4129,8793.686,16.7666,12908.778,16.6362,10387.9653,17.1436,9064.2502,17.7548,10191.9831,,
118,20210128,600262.SH,15.5549,15.7134,15.4063,15.5153,15.7531,-0.2378,-1.5095,4890.01,7677.775,0.2876,15.8442,6905.804,16.5823,9400.485,16.7597,12726.3715,16.6811,10232.6633,17.1626,9006.766,17.8044,10302.9967,,
119,20210127,600262.SH,15.6144,15.8125,15.6144,15.7531,15.6144,0.13870000000000005,0.8883,3516.01,5569.311,0.2068,16.1613,7285.602,16.7448,9883.891,16.776,12782.121,16.7366,10178.063,17.1847,9000.0825,17.8564,10430.3717,,
120,20210126,600262.SH,15.763,16.1296,15.5549,15.6144,15.9413,-0.3269000000000002,-2.0506,6549.0,10390.717,0.3852,16.4585,9553.602,16.9152,10523.295,16.7701,12940.5715,16.7904,10165.8293,17.204,9076.8157,17.9068,10768.1915,,
121,20210125,600262.SH,16.3872,16.3872,15.8323,15.9413,16.3971,-0.4557999999999982,-2.7798,9438.0,15173.503,0.5552,16.7438,10192.608,17.1173,11546.615,16.782,12950.0935,16.8465,10040.5627,17.2242,9079.8823,17.9438,10878.8749,,
122,20210122,600262.SH,16.9816,17.0906,16.3475,16.3971,17.1005,-0.703400000000002,-4.1133,10136.0,16941.286,0.5962,17.0629,10940.356,17.265,13442.515,16.8008,12697.8935,16.8895,9875.6403,17.2371,9076.5675,17.9781,10879.7658,,
123,20210121,600262.SH,17.2194,17.2293,16.9519,17.1005,17.2392,-0.13870000000000005,-0.8046,6789.0,11688.735,0.3994,17.3204,11895.166,17.2917,14016.398,16.8072,12449.0435,16.9212,9719.7737,17.2443,9006.7115,18.0089,10874.4075,,
124,20210120,600262.SH,16.9023,17.6454,16.9023,17.2392,17.0411,0.19810000000000016,1.1625,14856.01,25930.724,0.8739,17.3284,12482.18,17.3066,15643.767,16.7914,12317.0935,16.9288,9698.4403,17.2387,8985.3623,18.0331,10911.8575,,
125,20210119,600262.SH,17.3878,17.5364,17.0411,17.0411,17.5364,-0.4953000000000003,-2.8244,9744.03,16920.429,0.5732,17.372,11492.988,17.3492,17336.434,16.7617,11832.343,16.9532,9360.64,17.2338,8844.8752,18.0553,10907.4824,,
126,20210118,600262.SH,17.5166,17.7841,17.3482,17.5364,17.685,-0.1485999999999983,-0.8403,13176.74,23299.583,0.7751,17.4908,12900.622,17.2511,17382.243,16.7691,11664.2915,16.9826,9217.939,17.2352,8831.6213,18.0817,10987.1738,,
127,20210115,600262.SH,17.1005,18.1804,16.942,17.685,17.1401,0.5448999999999984,3.1791,14910.05,26663.411,0.8771,17.4671,15944.674,17.1203,17023.87,16.7478,11185.105,17.006,8981.7143,17.2369,8711.5907,18.1061,11070.6516,,
128,20210114,600262.SH,17.4572,17.4572,16.942,17.1401,17.4572,-0.31709999999999994,-1.8164,9724.07,16830.866,0.572,17.263,16137.63,16.937,16052.258,16.7305,10648.7525,17.0265,8671.6127,17.2422,8538.2853,18.1336,11064.5603,,
129,20210113,600262.SH,17.6355,17.8634,17.0411,17.4572,17.6355,-0.17830000000000013,-1.011,9910.05,17451.086,0.5829,17.2848,18805.354,16.8072,15680.351,16.7324,10325.149,17.0695,8728.5347,17.2547,8462.7677,18.1648,11129.6416,,
130,20210112,600262.SH,16.8429,17.9724,16.6943,17.6355,17.4175,0.21799999999999997,1.2516,16782.2,29576.358,0.9872,17.3264,23179.88,16.6249,15357.848,16.728,9987.0965,17.1012,8934.8663,17.2623,8349.9037,18.1964,11280.8062,,
131,20210111,600262.SH,16.3475,18.2993,16.3079,17.4175,16.6646,0.7529000000000003,4.518,28397.0,50126.468,1.6704,17.0113,21863.864,16.4466,14353.572,16.7111,9287.5365,17.1197,8899.1597,17.2678,8173.1337,18.2189,11266.4495,,
132,20210108,600262.SH,17.1401,17.1401,16.3673,16.6646,17.2491,-0.5844999999999985,-3.3886,15874.83,26554.293,0.9338,16.7735,18103.066,16.3366,11953.272,16.7017,8092.203,17.1616,8692.515,17.2787,7844.5003,18.2389,11171.3471,,
133,20210107,600262.SH,17.6355,17.6355,16.8231,17.2491,17.6652,-0.41610000000000014,-2.3555,23062.69,39930.68,1.3566,16.611,15966.886,16.3227,10881.689,16.7359,7571.4615,17.2012,8484.0873,17.3001,7728.414,18.2684,11222.8152,,
134,20210106,600262.SH,15.9017,17.6652,15.8125,17.6652,16.0602,1.6050000000000004,9.9936,31782.68,53596.663,1.8696,16.3297,12555.348,16.2762,8990.42,16.7399,6725.777,17.221,7873.831,17.3066,7484.1692,18.2959,11315.8152,,
135,20210105,600262.SH,16.2484,16.3178,15.9017,16.0602,16.2286,-0.16840000000000188,-1.0377,10202.12,16574.356,0.6001,15.9235,7535.816,16.1741,6328.252,16.7552,5372.743,17.227,6980.712,17.3097,7110.8415,18.3217,11309.9438,,
136,20210104,600262.SH,16.0503,16.298,15.6936,16.2286,15.8521,0.37650000000000006,2.3751,9593.01,15501.017,0.5643,15.8818,6843.28,16.2871,5946.34,16.8484,5135.787,17.2924,7066.8083,17.3413,7067.0895,18.3621,11667.5107,,
137,20201231,600262.SH,15.8521,16.0008,15.7134,15.8521,15.8422,0.00990000000000002,0.0625,5193.93,8323.805,0.3055,15.8997,5803.478,16.3753,5346.34,16.9489,4960.6365,17.3343,7010.5313,17.3645,6998.456,18.3911,11848.7835,,
138,20201230,600262.SH,15.5054,15.8621,15.4657,15.8422,15.6342,0.20800000000000018,1.3304,6005.0,9540.743,0.3532,16.0344,5796.492,16.5239,5245.247,17.0713,4981.29,17.3964,7063.2337,17.3903,6979.7755,18.4186,12072.3133,,
139,20201229,600262.SH,15.8521,15.872,15.4757,15.6342,15.8521,-0.2179000000000002,-1.3746,6685.02,10543.542,0.3932,16.2227,5425.492,16.6577,4969.947,17.2006,5252.6265,17.4512,7058.6357,17.4159,6984.1625,18.4426,12293.1256,,
140,20201228,600262.SH,16.4466,16.4862,15.7729,15.8521,16.3178,-0.4656999999999982,-2.8539,6739.44,10895.206,0.3964,16.4248,5120.688,16.831,4616.345,17.3393,5723.3755,17.512,7276.304,17.4436,6939.5292,18.4645,12447.1806,,
141,20201225,600262.SH,16.3475,16.5952,16.2385,16.3178,16.5259,-0.20810000000000173,-1.2592,4394.0,7270.938,0.2585,16.6923,5049.4,16.9757,4221.501,17.4562,6171.9535,17.5599,7328.6467,17.4689,6915.7052,,,,
142,20201224,600262.SH,16.9123,16.942,16.4466,16.5259,16.7835,-0.25760000000000005,-1.5348,5159.0,8646.608,0.3035,16.8509,4889.202,17.0668,4231.134,17.5741,7062.1365,17.5817,7288.1137,17.4892,6952.5718,,,,
143,20201223,600262.SH,16.6547,17.0113,16.506,16.7835,16.6448,0.13870000000000005,0.8333,4150.0,6997.66,0.2441,17.0133,4694.002,17.1491,4261.234,17.6405,7285.2865,17.5939,7256.6983,17.5103,7026.5885,,,,
144,20201222,600262.SH,16.9618,17.1401,16.5853,16.6448,17.1897,-0.5448999999999984,-3.1699,5161.0,8760.137,0.3036,17.0926,4514.402,17.2036,4461.134,17.6935,7315.5365,17.6032,7338.4687,17.5283,7093.888,,,,
145,20201221,600262.SH,17.1302,17.2194,16.8528,17.1897,17.1104,0.07929999999999993,0.4635,6383.0,10970.723,0.3755,17.2372,4112.002,17.3363,4417.234,17.7534,7306.942,17.6263,7362.102,17.5564,7186.5048,,,,
146,20201218,600262.SH,17.3779,17.3878,16.9222,17.1104,17.3383,-0.22790000000000177,-1.3144,3593.01,6195.243,0.2114,17.259,3393.602,17.4096,4325.234,17.795,7627.0425,17.6368,7476.402,17.5723,7288.2548,,,,
147,20201217,600262.SH,17.1599,17.3581,16.8429,17.3383,17.1798,0.15850000000000009,0.9226,4183.0,7224.959,0.2461,17.2828,3573.066,17.5226,4574.933,17.8139,7842.627,17.651,7740.535,17.5802,7423.5118,,,,
148,20201216,600262.SH,17.2689,17.368,17.0708,17.1798,17.368,-0.18819999999999837,-1.0836,3252.0,5643.467,0.1913,17.2848,3828.466,17.6187,4717.333,17.8327,7972.227,17.6441,7780.8687,17.5785,7497.4952,,,,
149,20201215,600262.SH,17.2095,17.5662,17.2095,17.368,17.2987,0.06929999999999836,0.4006,3149.0,5518.92,0.1852,17.3145,4407.866,17.7435,5535.306,17.848,8102.98,17.6329,7822.102,17.5807,7579.9118,,,,
150,20201214,600262.SH,17.051,17.3878,17.0411,17.2987,17.2293,0.06940000000000168,0.4028,2791.0,4859.695,0.1642,17.4354,4722.466,17.8475,6830.406,17.8525,8606.2835,17.6177,7987.802,17.584,7671.0687,,,,
151,20201211,600262.SH,17.3779,17.5761,17.0411,17.2293,17.3482,-0.1189,-0.6854,4490.33,7839.76,0.2641,17.5602,5256.866,17.9367,8122.406,17.852,8882.2195,17.6018,8119.202,17.5863,7748.6748,,,,
152,20201210,600262.SH,17.3482,17.4175,17.0212,17.3482,17.3284,0.01980000000000004,0.1143,5460.0,9488.993,0.3212,17.7623,5576.8,18.0813,9893.139,17.8391,8816.6035,17.5847,8277.4947,17.5832,7854.0695,,,,
153,20201209,600262.SH,18.0814,18.0814,17.2987,17.3284,17.9724,-0.6440000000000019,-3.5833,6149.0,10968.791,0.3617,17.9526,5606.2,18.1319,10309.339,17.8163,8754.4305,17.5675,8293.6493,17.5913,7895.0528,,,,
154,20201208,600262.SH,17.8535,18.2795,17.8138,17.9724,17.9228,0.04960000000000164,0.2767,4722.0,8584.241,0.2778,18.1725,6662.746,18.1834,10169.939,17.8029,8777.136,17.5487,8272.2843,17.6048,7990.8028,,,,
155,20201207,600262.SH,18.2399,18.3786,17.8337,17.9228,18.2399,-0.31709999999999994,-1.7385,5463.0,9977.083,0.3214,18.2597,8938.346,18.1705,10196.65,17.7712,8834.536,17.5143,8329.1103,17.6084,8119.1195,,,,
156,20201204,600262.SH,18.1309,18.4083,18.0516,18.2399,18.2993,-0.05940000000000012,-0.3246,6090.0,11198.865,0.3582,18.3132,10987.946,18.1804,10928.851,17.7504,9051.986,17.4879,8445.3037,17.6218,8249.7862,,,,
157,20201203,600262.SH,18.5668,18.5668,18.2498,18.2993,18.4281,-0.1288000000000018,-0.6989,5607.0,10381.388,0.3298,18.4004,14209.478,18.1051,11110.321,17.7153,9323.336,17.4677,8441.467,17.6282,8321.8528,,,,
158,20201202,600262.SH,18.5173,18.6065,18.1606,18.4281,18.4083,0.01980000000000004,0.1076,11431.73,21174.382,0.6725,18.3112,15012.478,18.0467,11227.121,17.6568,9312.6365,17.4578,8404.958,17.6403,8417.5695,,,,
159,20201201,600262.SH,18.1903,18.973,18.0615,18.4083,18.1903,0.21799999999999997,1.1984,16100.0,30243.022,0.9471,18.1943,13677.132,17.9526,10670.654,17.5775,8965.5,17.44,8197.0007,17.6426,8469.0057,,,,
160,20201130,600262.SH,18.5767,18.765,18.1309,18.1903,18.6758,-0.48549999999999827,-2.5996,15711.0,29107.04,0.9242,18.0814,11454.954,17.8575,10382.161,17.5027,8566.5,17.4235,7764.941,17.6482,8412.4392,,,,
161,20201127,600262.SH,17.9327,19.1018,17.7544,18.6758,17.8535,0.8222999999999985,4.6058,22197.66,41380.719,1.3057,18.0477,10869.756,17.7673,9642.033,17.4344,8117.6,17.4159,7447.1077,17.6628,8310.9635,,,,
162,20201126,600262.SH,17.8337,18.0814,17.7742,17.8535,17.8436,0.009900000000001796,0.0555,9622.0,17374.762,0.566,17.8099,8011.164,17.5969,7740.068,17.3363,7469.6725,17.3957,6996.4857,17.6674,8133.709,,,,
163,20201125,600262.SH,17.8436,18.1309,17.8436,17.8436,17.8436,0.0,0.0,4755.0,8599.514,0.2797,17.7822,7441.764,17.5008,7199.522,17.2853,7285.8045,17.399,6972.7407,17.6819,8221.0988,,,,
164,20201124,600262.SH,18.2102,18.2102,17.8039,17.8436,18.0219,-0.17830000000000013,-0.9894,4989.11,9016.726,0.2935,17.7108,7664.176,17.4225,7384.333,17.2313,7323.457,17.3921,7094.5073,17.707,8328.8822,,,,
165,20201123,600262.SH,17.5364,18.3092,17.4671,18.0219,17.4869,0.5350000000000001,3.0594,12785.01,23184.869,0.7521,17.6335,9309.368,17.372,7472.422,17.1862,7395.3405,17.3924,7240.971,17.7348,8671.6803,,,,
166,20201120,600262.SH,17.7148,17.794,17.2392,17.4869,17.7148,-0.22790000000000177,-1.2865,7904.7,14036.026,0.465,17.4869,8414.31,17.3205,7175.121,17.1416,7203.53,17.3901,7067.3707,17.767,8583.5968,,,,
167,20201119,600262.SH,17.4869,17.794,17.3581,17.7148,17.4869,0.22790000000000177,1.3033,6775.0,12045.414,0.3985,17.3839,7468.972,17.3254,7536.351,17.149,7107.04,17.3948,6986.3807,17.8069,8736.1352,,,,
168,20201118,600262.SH,17.4572,17.7346,17.3482,17.4869,17.4572,0.029699999999998283,0.1701,5867.06,10408.11,0.3451,17.2194,6957.28,17.2669,7398.152,17.1634,6993.8765,17.3842,6896.3173,17.852,8945.6852,,,,
169,20201117,600262.SH,17.1599,17.6355,17.1599,17.4572,17.2887,0.16850000000000165,0.9746,13215.07,23281.084,0.7774,17.1342,7104.49,17.2025,7260.346,17.1837,6960.174,17.3806,6909.6893,17.9007,9154.3193,,,,
170,20201116,600262.SH,17.0411,17.3977,17.0014,17.2887,16.9717,0.31700000000000017,1.8678,8309.72,14480.144,0.4888,17.1104,5635.476,17.148,6750.839,17.2065,6456.331,17.3753,6602.7543,17.9458,9386.2332,,,,
171,20201113,600262.SH,16.8924,17.0411,16.7736,16.9717,16.8924,0.07929999999999993,0.4694,3178.01,5417.768,0.1869,17.154,5935.932,17.1015,6593.167,17.2402,6349.645,17.3779,6502.7637,17.9867,9604.9047,,,,
172,20201112,600262.SH,17.051,17.051,16.7339,16.8924,17.0609,-0.16850000000000165,-0.9876,4216.54,7173.921,0.248,17.2669,7603.73,17.0757,7199.277,17.2952,6624.6945,17.3967,6617.03,18.0292,9907.0547,,,,
173,20201111,600262.SH,17.3383,17.3977,16.9519,17.0609,17.3383,-0.2774000000000001,-1.5999,6603.11,11381.42,0.3884,17.3145,7839.024,17.0698,7372.087,17.3482,6859.35,17.4268,6796.4787,18.0749,10323.5607,,,,
174,20201110,600262.SH,17.5067,17.6355,17.2788,17.3383,17.5067,-0.16839999999999833,-0.9619,5870.0,10306.135,0.3453,17.2709,7416.202,17.0401,7262.581,17.3769,6949.5945,17.4535,6849.3073,18.1464,10620.2607,,,,
175,20201109,600262.SH,17.5265,17.5959,17.3878,17.5067,17.5364,-0.029700000000001836,-0.1694,9812.0,17318.958,0.5772,17.1857,7866.202,17.0004,7318.259,17.4027,7125.2455,17.4866,7010.9077,18.2191,10826.294,,,,
176,20201106,600262.SH,17.1302,17.7148,17.0014,17.5364,17.1302,0.4062000000000019,2.3713,11517.0,20270.33,0.6775,17.049,7250.402,16.9628,7231.939,17.425,7013.4955,17.5077,7100.1077,18.2874,11005.4837,,,,
177,20201105,600262.SH,16.8627,17.15,16.8033,17.1302,16.8429,0.28729999999999833,1.7058,5393.01,9270.245,0.3172,16.8845,6794.824,16.9727,6677.729,17.4294,6711.3955,17.5094,7106.4887,18.366,11319.716,,,,
178,20201104,600262.SH,16.8033,16.8924,16.615,16.8429,16.9123,-0.06939999999999813,-0.4104,4489.0,7574.842,0.2641,16.8251,6905.15,17.0599,6589.601,17.4428,6645.4,17.513,7214.1217,18.4461,11599.2275,,,,
179,20201103,600262.SH,16.7339,16.9618,16.6844,16.9123,16.8231,0.08919999999999817,0.5302,8120.0,13797.029,0.4776,16.8092,7108.96,17.1649,6660.002,17.4696,6734.361,17.5285,7337.7217,18.5282,11860.6608,,,,
180,20201102,600262.SH,16.615,17.0311,16.3673,16.8231,16.7141,0.10900000000000176,0.6521,6733.0,11442.455,0.3961,16.8152,6770.316,17.265,6161.823,17.4889,6528.712,17.5503,7354.3353,18.6096,12459.5673,,,,
181,20201030,600262.SH,16.7141,17.1401,16.5952,16.7141,16.833,-0.1189,-0.7064,9239.11,15655.031,0.5435,16.8766,7213.476,17.3789,6106.123,17.5161,6457.562,17.5708,7378.1477,18.6634,12677.8675,,,,
182,20201029,600262.SH,16.7339,16.9321,16.4565,16.833,16.7636,0.06939999999999813,0.414,5944.64,10054.401,0.3497,17.0609,6560.634,17.5146,6050.112,17.5572,6325.9065,17.5817,7430.6443,18.7191,12682.9642,,,,
183,20201028,600262.SH,16.9618,17.1302,16.506,16.7636,16.942,-0.1783999999999999,-1.053,5508.05,9269.033,0.324,17.2947,6274.052,17.6266,6346.613,17.6053,6508.6745,17.615,7496.4563,18.7736,12742.1035,,,,
184,20201027,600262.SH,17.1005,17.2689,16.8924,16.942,17.1302,-0.18819999999999837,-1.0986,6426.78,11040.663,0.378,17.5206,6211.044,17.7138,6636.608,17.6603,6642.6705,17.6609,7709.3213,18.8274,12838.3527,,,,
185,20201026,600262.SH,17.477,17.5067,17.0212,17.1302,17.6355,-0.5053000000000019,-2.8652,8948.8,15558.793,0.5264,17.7148,5553.33,17.8049,6932.232,17.7296,6857.232,17.7026,7909.1287,18.8769,12970.0897,,,,
186,20201023,600262.SH,18.0021,18.0021,17.5265,17.6355,18.0021,-0.36659999999999826,-2.0364,5974.9,10681.719,0.3515,17.8812,4998.77,17.8872,6795.052,17.7802,7034.192,17.7557,8054.2687,18.9281,13142.7263,,,,
187,20201022,600262.SH,17.794,18.0516,17.5463,18.0021,17.8931,0.10899999999999821,0.6092,4511.73,8110.76,0.2654,17.9684,5539.59,17.8862,6745.062,17.7777,7320.8685,17.7888,8202.2387,18.9753,13429.7125,,,,
188,20201021,600262.SH,17.7445,18.1804,17.7445,17.8931,17.9129,-0.01980000000000004,-0.1105,5193.01,9436.764,0.3055,17.9585,6419.174,17.8257,6701.199,17.7395,7526.382,17.8228,8430.181,19.0251,13590.8353,,,,
189,20201020,600262.SH,17.9823,18.1606,17.8337,17.9129,17.9625,-0.04959999999999809,-0.2761,3138.21,5676.196,0.1846,17.907,7062.172,17.7742,6808.72,17.7103,7676.5815,17.8452,8741.0107,19.0749,13796.5155,,,,
190,20201019,600262.SH,18.1804,18.1804,17.903,17.9625,18.0714,-0.108900000000002,-0.6026,6176.0,11218.445,0.3633,17.8951,8311.134,17.7128,6895.601,17.693,7950.5915,17.873,9059.9373,19.1306,14211.7087,,,,
191,20201016,600262.SH,17.9526,18.1705,17.8337,18.0714,17.9526,0.11880000000000024,0.6617,8679.0,15777.083,0.5105,17.8931,8591.334,17.6533,6809.001,17.6667,8014.16,17.9096,9174.8193,19.17,14359.7653,,,,
192,20201015,600262.SH,17.6355,17.9526,17.5959,17.9526,17.6355,0.31709999999999994,1.7981,8909.65,16009.375,0.5241,17.804,7950.534,17.5998,6601.701,17.6152,8120.9105,17.939,9270.9323,19.1991,14498.1938,,,,
193,20201014,600262.SH,17.8535,17.9625,17.5463,17.6355,17.8535,-0.21799999999999997,-1.221,8408.0,14962.597,0.4946,17.693,6983.224,17.584,6670.736,17.6093,8071.378,17.9648,9469.457,19.2367,14717.2163,,,,
194,20201013,600262.SH,17.9526,18.0516,17.7346,17.8535,17.9526,-0.09909999999999997,-0.552,9383.02,16924.091,0.5519,17.6415,6555.268,17.6068,6648.733,17.6345,8245.678,18.0219,9563.257,19.2853,15147.4613,,,,
195,20201012,600262.SH,17.6751,18.0318,17.6751,17.9526,17.6256,0.32700000000000173,1.8553,7577.0,13698.705,0.4457,17.5305,5480.068,17.6543,6782.232,17.6514,8397.577,18.0771,10102.3897,19.3337,15509.046,,,,
196,20201009,600262.SH,17.5959,18.0021,17.5463,17.6256,17.3977,0.22789999999999822,1.3099,5475.0,9792.949,0.3221,17.4136,5026.668,17.6731,7273.332,17.69,8683.877,18.1438,10099.823,19.383,16267.932,,,,
197,20200930,600262.SH,17.2095,17.4869,17.2095,17.3977,17.3779,0.01980000000000004,0.1139,4073.1,7135.811,0.2396,17.3957,5252.868,17.6692,7896.675,17.74,8930.827,18.2191,10485.8897,19.4177,16699.111,,,,
198,20200929,600262.SH,17.4374,17.5265,17.1203,17.3779,17.2987,0.07920000000000016,0.4578,6268.22,10973.139,0.3687,17.475,6358.248,17.6533,8351.565,17.8213,9294.672,18.3198,10995.053,19.4469,17164.8512,,,,
199,20200928,600262.SH,17.3977,17.6058,17.1005,17.2987,17.368,-0.06929999999999836,-0.399,4007.02,6990.877,0.2357,17.5721,6742.198,17.6464,8544.443,17.8807,9707.156,18.4208,11398.9493,19.4693,17602.0887,,,,
200,20200925,600262.SH,17.8733,17.8733,17.2293,17.368,17.5364,-0.16840000000000188,-0.9603,5310.0,9318.195,0.3124,17.7782,8084.396,17.6732,9005.582,17.9531,10142.1055,18.5163,12169.712,19.4854,17954.832,,,,
201,20200924,600262.SH,17.7346,17.7544,17.15,17.5364,17.794,-0.25760000000000005,-1.4477,6606.0,11631.447,0.3886,17.9327,9519.996,17.6801,9219.319,18.0378,10357.7285,18.5955,12707.0457,,,,,,
202,20200923,600262.SH,17.8931,18.0318,17.6652,17.794,17.8634,-0.06939999999999813,-0.3885,9600.0,17290.913,0.5647,17.9426,10540.482,17.6306,9640.12,18.1086,10605.548,18.6616,13197.0793,,,,,,
203,20200922,600262.SH,18.2795,18.2795,17.7445,17.8634,18.329,-0.465600000000002,-2.5402,8187.97,14844.956,0.4816,17.8317,10344.882,17.6345,9472.02,18.1552,10868.8175,18.723,13850.6427,,,,,,
204,20200921,600262.SH,18.1705,18.656,18.1705,18.329,18.1408,0.18820000000000192,1.0374,10718.01,19898.552,0.6305,17.7207,10346.688,17.6623,9842.623,18.2295,11020.519,18.8393,14391.214,,,,,,
205,20200918,600262.SH,17.5463,18.3687,17.4473,18.1408,17.586,0.5548000000000002,3.1548,12488.0,22731.057,0.7346,17.5682,9926.768,17.6484,10012.922,18.2884,11762.4685,18.9516,14641.6803,,,,,,
206,20200917,600262.SH,17.3383,17.7148,17.2194,17.586,17.2392,0.3467999999999982,2.0117,11708.43,20716.626,0.6887,17.4275,8918.642,17.7069,10094.422,18.3791,11513.0685,19.0672,14910.8597,,,,,,
207,20200916,600262.SH,17.4175,17.4671,16.9717,17.2392,17.3086,-0.06939999999999813,-0.401,8622.0,14936.455,0.5072,17.3185,8739.758,17.8109,9964.979,18.494,11780.497,19.2227,15532.9433,,,,,,
208,20200915,600262.SH,17.4869,17.695,17.1699,17.3086,17.5662,-0.25760000000000005,-1.4665,8197.0,14365.31,0.4822,17.4374,8599.158,17.9892,10237.779,18.653,12316.797,19.3792,15984.3333,,,,,,
209,20200914,600262.SH,17.259,17.6652,17.259,17.5662,17.4374,0.12879999999999825,0.7386,8618.41,15241.836,0.507,17.6038,9338.558,18.1151,10869.869,18.8081,12826.2025,19.5279,16383.6,,,,,,
210,20200911,600262.SH,17.1005,17.4473,16.9222,17.4374,17.0411,0.3963000000000001,2.3256,7447.37,12961.987,0.4381,17.7287,10099.076,18.2329,11278.629,18.9379,13751.777,19.6689,17564.7993,,,,,,
211,20200910,600262.SH,17.9625,17.9625,17.0411,17.0411,17.8337,-0.7926000000000002,-4.4444,10814.01,19066.491,0.6361,17.9862,11270.202,18.3954,11496.138,19.0533,14450.909,19.7561,17977.5873,,,,,,
212,20200909,600262.SH,17.9922,18.1309,17.4572,17.8337,18.1408,-0.3070999999999984,-1.6929,7919.0,14299.012,0.4658,18.3033,11190.2,18.5866,11570.976,19.1771,14975.559,19.8565,17935.284,,,,,,
213,20200908,600262.SH,18.2002,18.3191,17.8039,18.1408,18.1903,-0.049500000000001876,-0.2721,11894.0,21602.259,0.6996,18.5411,11876.4,18.6758,12265.615,19.2673,16039.954,19.9321,17987.7507,,,,,,
214,20200907,600262.SH,19.0226,19.0226,18.0516,18.1903,18.7253,-0.5350000000000001,-2.8571,12421.0,23185.651,0.7306,18.6263,12401.18,18.7967,12198.415,19.4278,16665.5095,19.9938,17967.384,,,,,,
215,20200904,600262.SH,18.4777,18.7947,17.9327,18.7253,18.6263,0.0990000000000002,0.5315,13303.0,24810.13,0.7825,18.7372,12458.182,18.9284,13512.015,19.6031,16956.0595,20.0513,18031.0507,,,,,,
216,20200903,600262.SH,19.0325,19.2207,18.4479,18.6263,19.0226,-0.3963000000000001,-2.0833,10414.0,19606.93,0.6126,18.8046,11722.074,19.0513,12931.715,19.7473,17319.0785,20.1005,18231.184,,,,,,
217,20200902,600262.SH,18.6758,19.0523,18.5569,19.0226,18.5668,0.4558,2.4549,11350.0,21580.69,0.6676,18.87,11951.752,19.1771,13596.015,19.9286,18316.9255,20.1619,18657.1863,,,,,,
218,20200901,600262.SH,18.8046,18.9037,18.4083,18.5668,18.7452,-0.1783999999999999,-0.9517,14517.9,27345.911,0.854,18.8105,12654.83,19.3168,14395.815,20.0742,18857.6105,20.2273,18751.4897,,,,,,
219,20200831,600262.SH,19.3198,19.3198,18.6758,18.7452,19.0622,-0.31700000000000017,-1.663,12706.01,24388.263,0.7474,18.9671,11995.65,19.5011,14782.536,20.2343,19140.4655,20.3046,18852.0203,,,,,,
220,20200828,600262.SH,18.9829,19.4189,18.7749,19.0622,18.9532,0.10900000000000176,0.5751,9622.46,18512.563,0.566,19.1196,14565.848,19.6428,16224.925,20.3868,20707.8845,20.3882,19363.48,,,,,,
221,20200827,600262.SH,18.6362,19.1018,18.4281,18.9532,18.7253,0.22789999999999822,1.2171,11562.39,21993.41,0.6801,19.298,14141.356,19.7111,17405.68,20.4364,21218.312,20.4304,19544.7113,,,,,,
222,20200826,600262.SH,19.4684,19.4882,18.547,18.7253,19.3495,-0.6241999999999983,-3.2259,14865.39,28343.25,0.8744,19.4842,15240.278,19.7676,18380.142,20.4914,21117.438,20.4592,19725.4553,,,,,,
223,20200825,600262.SH,19.6071,19.6071,19.1217,19.3495,19.508,-0.15850000000000009,-0.8125,11222.0,21846.219,0.6601,19.8231,16136.8,19.8588,19814.293,20.5602,20848.8185,20.5087,19964.9757,,,,,,
224,20200824,600262.SH,20.2115,20.2115,19.2405,19.508,19.9539,-0.44590000000000174,-2.2347,25557.0,50187.871,1.5034,20.0351,17569.422,20.0589,21132.604,20.5924,20851.8685,20.5487,20731.6657,,,,,,
225,20200821,600262.SH,19.9638,20.2313,19.726,19.9539,19.8845,0.06940000000000168,0.349,7500.0,15100.047,0.4412,20.1659,17884.002,20.2779,20400.104,20.6127,20290.5685,20.5903,20915.7023,,,,,,
226,20200820,600262.SH,20.1025,20.3898,19.6666,19.8845,20.4195,-0.5350000000000001,-2.62,17057.0,34270.853,1.0034,20.1243,20670.004,20.4433,21706.442,20.6251,20880.9185,20.6222,22436.041,,,,,,
227,20200819,600262.SH,20.7069,21.0239,20.0133,20.4195,20.4096,0.009899999999998244,0.0485,19348.0,40236.796,1.1381,20.051,21520.006,20.6801,23037.836,20.6544,21187.772,20.6164,22912.3323,,,,,,
228,20200818,600262.SH,20.0331,20.4889,19.9143,20.4096,20.1619,0.2477000000000018,1.2286,18385.11,37485.95,1.0815,19.8944,23491.786,20.8317,23319.406,20.6826,20929.327,20.574,23334.6493,,,,,,
229,20200817,600262.SH,19.726,20.4096,19.3693,20.1619,19.7458,0.41610000000000014,2.1073,27129.9,54573.953,1.5959,20.0827,24695.786,20.9674,23498.395,20.7064,20886.7625,20.5178,23805.228,,,,,,
230,20200814,600262.SH,19.617,20.0133,19.2405,19.7458,19.518,0.22779999999999845,1.1671,21430.01,42439.136,1.2606,20.3898,22916.206,21.1309,25190.844,20.7609,20932.7575,20.4545,23739.952,,,,,,
231,20200813,600262.SH,19.6071,19.9638,19.1514,19.518,19.6368,-0.11880000000000024,-0.605,21307.01,42097.603,1.2534,20.7624,22742.88,21.1616,25030.944,20.7901,20614.227,,,,,,,,
232,20200812,600262.SH,21.3509,21.6085,19.4189,19.6368,21.3509,-1.7140999999999984,-8.0282,29206.9,59022.984,1.7181,21.3092,24555.666,21.2151,23854.734,20.805,20398.112,,,,,,,,
233,20200811,600262.SH,21.6679,22.0246,21.014,21.3509,21.6976,-0.346700000000002,-1.5979,24405.11,53214.944,1.4356,21.769,23147.026,21.2617,21883.344,20.8337,20040.317,,,,,,,,
234,20200810,600262.SH,21.5985,22.302,21.5292,21.6976,21.6085,0.08910000000000196,0.4123,18232.0,40189.504,1.0725,21.8522,22301.004,21.126,20571.133,20.7936,20531.1965,,,,,,,,
235,20200807,600262.SH,22.0939,22.2921,21.2022,21.6085,22.2524,-0.6439000000000021,-2.8936,20563.38,45109.546,1.2096,21.872,27465.482,20.9476,20181.033,20.7465,21173.5015,,,,,,,,
236,20200806,600262.SH,21.9354,22.5794,21.4995,22.2524,21.9354,0.31700000000000017,1.4452,30370.94,67703.605,1.7865,21.5609,27319.008,20.8069,20055.395,20.7117,22800.8405,,,,,,,,
237,20200805,600262.SH,21.7769,22.4209,21.4995,21.9354,21.767,0.16840000000000188,0.7736,22163.7,49037.726,1.3037,21.121,23153.802,20.6286,19337.708,20.5845,22849.5805,,,,,,,,
238,20200804,600262.SH,22.0939,22.1038,21.5094,21.767,21.7967,-0.029700000000001836,-0.1363,20175.0,44447.591,1.1868,20.7544,20619.662,20.5335,18539.248,20.4452,23342.271,,,,,,,,
239,20200803,600262.SH,20.1619,21.9552,20.0629,21.7967,20.053,1.7437000000000005,8.6955,44054.39,94018.718,2.5914,20.3997,18841.262,20.4453,18275.13,20.293,23958.6445,,,,,,,,
240,20200731,600262.SH,20.2808,20.2907,19.5576,20.053,20.053,0.0,0.0,19831.01,39946.071,1.1665,20.0233,12896.584,20.3908,16674.671,20.1162,23014.506,,,,,,,,
241,20200730,600262.SH,20.1619,20.3898,20.053,20.053,20.1025,-0.04949999999999832,-0.2462,9544.91,19440.155,0.5615,20.053,12791.782,20.4186,16197.51,,,,,,,,,,
242,20200729,600262.SH,20.1917,20.1917,19.835,20.1025,19.9935,0.10899999999999821,0.5452,9493.0,19205.059,0.5584,20.1362,15521.614,20.3948,16941.49,,,,,,,,,,
243,20200728,600262.SH,19.8944,20.4096,19.8449,19.9935,19.9143,0.07920000000000016,0.3977,11283.0,22872.282,0.6637,20.3126,16458.834,20.4057,18197.29,,,,,,,,,,
244,20200727,600262.SH,19.9341,20.3502,19.5972,19.9143,20.2016,-0.28729999999999833,-1.4222,14331.0,28736.956,0.843,20.4909,17708.998,20.4612,20491.26,,,,,,,,,,
245,20200724,600262.SH,20.6078,20.8059,19.7161,20.2016,20.4691,-0.26750000000000185,-1.3068,19307.0,39391.042,1.1357,20.7584,20452.758,20.5454,22165.97,,,,,,,,,,
246,20200723,600262.SH,20.796,21.123,20.0232,20.4691,20.9843,-0.5152000000000001,-2.4552,23194.07,47782.578,1.3644,20.7842,19603.238,20.6164,25546.286,,,,,,,,,,
247,20200722,600262.SH,21.0041,21.3608,20.7267,20.9843,20.8852,0.09909999999999997,0.4745,14179.1,30174.149,0.8341,20.6534,18361.366,20.5405,26361.453,,,,,,,,,,
248,20200721,600262.SH,21.0536,21.7967,20.8753,20.8852,21.2518,-0.36659999999999826,-1.725,17533.82,37565.03,1.0314,20.4988,19935.746,20.3568,28145.294,,,,,,,,,,
249,20200720,600262.SH,20.7465,21.3806,20.37,21.2518,20.3304,0.9213999999999984,4.5321,28049.8,59105.368,1.65,20.4314,23273.522,20.1407,29642.159,,,,,,,,,,
250,20200717,600262.SH,20.0926,20.4592,19.4288,20.3304,19.8152,0.5152000000000001,2.6,15059.4,30360.181,0.8858,20.3324,23879.182,19.8416,29354.341,,,,,,,,,,
251,20200716,600262.SH,20.2115,20.3997,19.7359,19.8152,20.2115,-0.3963000000000001,-1.9608,16984.71,34495.53,0.9991,20.4487,31489.334,,,,,,,,,,,,
252,20200715,600262.SH,20.5483,20.7168,20.0629,20.2115,20.5483,-0.3368000000000002,-1.6391,22051.0,45228.757,1.2971,20.4275,34361.54,,,,,,,,,,,,
253,20200714,600262.SH,20.6573,21.6778,20.4096,20.5483,20.7564,-0.20809999999999818,-1.0026,34222.7,72070.666,2.0131,20.2148,36354.842,,,,,,,,,,,,
254,20200713,600262.SH,20.905,21.2221,20.4592,20.7564,20.905,-0.14860000000000184,-0.7108,31078.1,65045.532,1.8281,19.85,36010.796,,,,,,,,,,,,
255,20200710,600262.SH,19.7194,21.6805,19.4139,20.9119,19.7096,1.202300000000001,6.1001,53110.16,112581.989,3.1241,19.3509,34829.5,,,,,,,,,,,,
256,20200709,600262.SH,19.4139,19.8672,19.0296,19.7096,19.1478,0.5617999999999981,2.934,31345.74,62438.666,1.8439,,,,,,,,,,,,,,
257,20200708,600262.SH,18.8226,19.1774,18.4186,19.1478,18.7241,0.4237000000000002,2.2629,32017.51,61282.481,1.8834,,,,,,,,,,,,,,
258,20200707,600262.SH,18.2708,18.9113,18.0343,18.7241,18.2609,0.4632000000000005,2.5366,32502.47,61043.831,1.9119,,,,,,,,,,,,,,
259,20200706,600262.SH,17.8372,18.4679,17.8372,18.2609,17.7682,0.49269999999999925,2.7729,25171.62,46527.752,1.4807,,,,,,,,,,,,,,
