,trade_date,ts_code,open,high,low,close,pre_close,change,pct_chg,vol,amount,turnover_rate,ma5,ma_v_5,ma10,ma_v_10,ma20,ma_v_20,ma30,ma_v_30,ma60,ma_v_60,ma120,ma_v_120,ma250,ma_v_250
0,20210727,603656.SH,13.33,13.46,12.64,12.72,13.25,-0.5299999999999994,-4.0,13558.26,17671.84,0.9107,13.816,13648.078,14.434,13796.676,15.0405,19377.6575,14.9417,15996.2763,14.6375,16797.1085,13.498,12627.4584,13.9861,13810.2414
1,20210726,603656.SH,13.7,13.84,13.04,13.25,13.78,-0.5299999999999994,-3.8462,14718.14,19553.798,0.9886,14.25,14915.142,14.71,13872.998,15.15,19736.3505,15.0253,15876.733,14.6434,16655.8888,13.4933,12561.0736,13.9924,13800.938
2,20210723,603656.SH,14.58,14.59,13.51,13.78,14.5,-0.7200000000000006,-4.9655,22405.99,31273.191,1.505,14.604,15666.64,14.955,13694.385,15.2165,19440.3895,15.0853,15632.8377,14.643,16543.4392,13.4852,12524.0851,13.9957,13794.7529
3,20210722,603656.SH,14.9,14.98,14.5,14.5,14.83,-0.33000000000000007,-2.2252,9889.0,14519.503,0.6642,14.804,12964.754,15.147,12882.795,15.2535,18658.76,15.13,15254.0233,14.6336,16343.0293,13.4753,12403.6678,13.9985,13786.9374
4,20210721,603656.SH,14.9,15.0,14.7,14.83,14.89,-0.0600000000000005,-0.403,7669.0,11365.197,0.5151,14.92,13059.05,15.312,14584.295,15.256,18547.29,15.158,15620.1997,14.6171,16363.8987,13.4598,12433.4973,14.0004,13847.4739
5,20210720,603656.SH,14.9,15.14,14.78,14.89,15.02,-0.129999999999999,-0.8655,19893.58,29736.954,1.3362,15.052,13945.274,15.432,16224.229,15.246,18468.17,15.1637,15643.561,14.5905,16512.5897,13.4415,12574.2598,14.0008,13896.6614
6,20210719,603656.SH,14.8,15.5,14.26,15.02,14.78,0.2400000000000002,1.6238,18475.63,27502.556,1.241,15.17,12830.854,15.553,18423.986,15.2465,17788.109,15.1681,15457.5857,14.5687,16393.212,13.4266,12859.3171,13.9988,13898.6826
7,20210716,603656.SH,15.08,15.18,14.7,14.78,15.08,-0.3000000000000007,-1.9894,8896.56,13209.891,0.5976,15.306,11722.13,15.705,24368.687,15.2355,17222.6015,15.1708,15361.383,14.5411,16262.8622,13.4076,12898.0648,13.9975,13930.7578
8,20210715,603656.SH,15.48,15.7,15.0,15.08,15.49,-0.41000000000000014,-2.6469,10360.48,15714.644,0.6959,15.49,12800.836,15.761,25674.867,15.2355,17096.976,15.1667,15302.4957,14.5144,16426.2082,13.383,13020.7835,13.9957,13986.5884
9,20210714,603656.SH,15.32,15.65,15.3,15.49,15.48,0.009999999999999787,0.0646,12100.12,18739.043,0.8127,15.704,16109.54,15.714,25470.731,15.2145,17279.6405,15.1459,15251.1213,14.4876,16329.5168,13.3539,13184.5715,13.9918,14066.4974
10,20210713,603656.SH,15.82,15.82,15.3,15.48,15.7,-0.21999999999999886,-1.4013,14321.48,22204.859,0.9619,15.812,18503.184,15.647,24958.639,15.1955,17096.0765,15.128,15164.708,14.4515,16286.2182,13.3205,13239.7288,13.9863,14136.6625
11,20210712,603656.SH,15.77,15.98,15.61,15.7,15.7,0.0,0.0,12932.01,20388.125,0.8686,15.936,24017.118,15.59,25599.703,15.183,16878.6005,15.1012,14910.0453,14.4128,16164.1368,13.2941,13189.9547,,
12,20210709,603656.SH,16.1,16.31,15.7,15.7,16.15,-0.4499999999999993,-2.7864,14290.09,22791.862,0.9598,16.104,37015.244,15.478,25186.394,15.1505,16602.064,15.0617,14827.7023,14.3669,16038.86,13.2665,13194.9823,,
13,20210708,603656.SH,15.9,16.45,15.86,16.15,16.03,0.11999999999999744,0.7486,26904.0,43440.382,1.8071,16.032,38548.898,15.36,24434.725,15.1215,16439.6375,15.0306,14712.4627,14.3228,15933.6585,13.2466,13167.8578,,
14,20210707,603656.SH,16.07,16.23,15.7,16.03,16.1,-0.07000000000000028,-0.4348,24068.34,38617.69,1.6166,15.724,34831.922,15.2,22510.285,15.081,16138.152,14.99,14408.0227,14.2732,15574.6852,13.2212,13078.6005,,
15,20210706,603656.SH,16.48,16.49,15.51,16.1,16.54,-0.4399999999999977,-2.6602,41891.15,66899.032,2.8137,15.482,31414.094,15.06,20712.111,15.0295,15353.227,14.9356,14089.0993,14.226,15284.8882,13.2031,12991.1585,,
16,20210705,603656.SH,15.3,16.87,15.25,16.54,15.34,1.1999999999999993,7.8227,77922.64,125972.31,5.2339,15.244,27182.288,14.94,17152.232,14.9756,13974.3855,14.8762,13275.716,14.1797,14718.5357,13.188,12724.5486,,
17,20210702,603656.SH,14.77,15.35,14.51,15.34,14.61,0.7300000000000004,4.9966,21958.36,33108.421,1.4749,14.852,13357.544,14.766,10076.516,14.9038,10857.731,14.8216,11303.588,14.1261,13688.405,13.1727,12142.3149,,
18,20210701,603656.SH,14.73,14.94,14.61,14.61,14.82,-0.21000000000000085,-1.417,8319.12,12320.901,0.5588,14.688,10320.552,14.71,8519.085,14.8695,10116.31,14.8004,11589.8373,14.0903,13503.915,13.1664,12028.4129,,
19,20210630,603656.SH,14.88,14.97,14.65,14.82,14.91,-0.08999999999999986,-0.6036,6979.2,10352.357,0.4688,14.676,10188.648,14.715,9088.55,14.8619,10141.3165,14.8238,12323.3227,14.0633,13655.929,13.1632,12013.4469,,
20,20210629,603656.SH,14.55,15.24,14.54,14.91,14.58,0.33000000000000007,2.2634,20732.12,31176.871,1.3925,14.638,10010.128,14.744,9233.514,14.8685,10267.7425,14.8362,14746.912,14.0256,13630.519,13.1584,12054.4229,,
21,20210628,603656.SH,14.7,14.8,14.29,14.58,14.52,0.0600000000000005,0.4132,8798.92,12765.347,0.591,14.636,7122.176,14.776,8157.498,14.8568,9565.2165,14.8151,15428.5373,13.9836,13369.327,13.1581,11970.3242,,
22,20210625,603656.SH,14.68,14.8,14.33,14.52,14.55,-0.030000000000001137,-0.2062,6773.4,9814.411,0.455,14.68,6795.488,14.823,8017.734,14.8536,9648.3565,14.8011,17253.652,13.9497,13356.8563,13.164,11978.2383,,
23,20210624,603656.SH,14.61,14.85,14.46,14.55,14.63,-0.08000000000000007,-0.5468,7659.6,11179.746,0.5145,14.732,6717.618,14.883,8444.55,14.8658,9851.3315,14.746,17261.0453,13.9122,13308.7877,13.1715,12022.5249,,
24,20210623,603656.SH,14.88,14.97,14.62,14.63,14.9,-0.2699999999999996,-1.8121,6086.6,8988.087,0.4088,14.754,7988.452,14.962,9766.019,14.885,10356.8915,14.7025,17256.024,13.8723,13314.489,13.1799,12133.4759,,
25,20210622,603656.SH,14.94,15.07,14.82,14.9,14.8,0.09999999999999964,0.6757,6292.36,9399.27,0.4226,14.85,8456.9,14.999,9994.343,14.8734,10777.5935,14.6506,17352.7667,13.8323,13336.829,13.182,12187.5222,,
26,20210621,603656.SH,14.59,15.15,14.59,14.8,14.78,0.02000000000000135,0.1353,7165.48,10660.788,0.4813,14.916,9192.82,15.0113,10796.539,14.8442,11337.458,14.5819,17406.8027,13.7906,13327.861,13.1853,12375.2961,,
27,20210618,603656.SH,14.66,14.86,14.46,14.78,14.66,0.11999999999999922,0.8186,6384.05,9371.656,0.4288,14.966,9239.98,15.0415,11638.946,14.8494,11917.124,14.5068,17571.372,13.7551,13312.853,13.1816,12366.5088,,
28,20210617,603656.SH,15.11,15.23,14.55,14.66,15.11,-0.4499999999999993,-2.9782,14013.77,20764.065,0.9413,15.034,10171.482,15.0291,11713.535,14.8457,13125.2135,14.4484,17597.2957,13.7166,13305.3122,13.1762,12357.7113,,
29,20210616,603656.SH,15.22,15.35,14.9,15.11,15.23,-0.120000000000001,-0.7879,8428.84,12738.94,0.5661,15.17,11543.586,15.0087,11194.083,14.8782,13940.709,14.4028,17654.722,13.6772,13154.556,13.1704,12307.7804,,
30,20210615,603656.SH,15.05,15.48,14.91,15.23,15.05,0.17999999999999972,1.196,9971.96,15066.643,0.6698,15.148,11531.786,14.9931,11301.971,14.8823,17503.611,14.3334,17597.9407,13.6309,13110.842,13.1633,12282.5518,,
31,20210611,603656.SH,15.07,15.27,14.91,15.05,15.12,-0.06999999999999851,-0.463,7401.28,11196.602,0.4971,15.1066,12400.258,14.9376,10972.935,14.8347,19064.057,14.2615,17435.0447,13.5849,13187.9187,13.1558,12271.3568,,
32,20210610,603656.SH,15.27,15.58,14.9,15.12,15.34,-0.22000000000000064,-1.4342,11041.56,16671.44,0.7416,15.1171,14037.912,14.8842,11278.979,14.7901,21871.611,14.2007,17454.0407,13.5358,13174.1907,13.1504,12348.0988,,
33,20210609,603656.SH,15.12,15.67,15.06,15.34,15.0,0.33999999999999986,2.2667,20874.29,32224.864,1.4021,15.0241,13255.588,14.8487,11258.113,14.6775,21669.293,14.1372,17432.0353,13.4865,13093.418,13.1504,12359.8657,,
34,20210608,603656.SH,14.99,15.24,14.77,15.0,15.02,-0.019999999999999574,-0.1332,8369.84,12495.381,0.5622,14.8474,10844.58,14.808,10947.764,14.5727,21001.0265,14.0763,17107.5977,13.4366,12835.1465,13.1483,12293.1047,,
35,20210607,603656.SH,15.172,15.3906,14.9534,15.0229,15.1024,-0.07949999999999946,-0.5264,14314.32,21733.831,0.9615,14.8381,11072.156,14.7477,11560.844,14.4765,21031.9785,14.0174,17381.6183,13.39,12802.4098,13.1515,12361.1247,,
36,20210604,603656.SH,14.6553,15.1024,14.4268,15.1024,14.6553,0.44709999999999894,3.0508,15589.55,23465.575,1.0471,14.7686,9545.612,14.6772,11878.377,14.3672,20711.9345,13.9694,17328.8383,13.3449,12778.9712,13.1526,12529.7835,,
37,20210603,603656.SH,14.4566,14.9236,14.4566,14.6553,14.4566,0.19870000000000054,1.3745,7129.94,10558.67,0.4789,14.6513,8520.046,14.6573,12195.302,14.2395,20537.585,13.9114,17164.3413,13.3006,12697.7953,13.1575,12593.9266,,
38,20210602,603656.SH,14.9534,15.013,14.4268,14.4566,14.9534,-0.49680000000000035,-3.3223,8819.25,13010.19,0.5924,14.6732,9260.638,14.6623,14536.892,14.158,20539.176,13.8621,17549.9207,13.2635,12672.673,13.1605,12638.6155,,
39,20210601,603656.SH,14.6752,15.0627,14.556,14.9534,14.6752,0.2782,1.8957,9507.72,14281.94,0.6386,14.7686,11050.948,14.7477,16687.335,14.0999,20885.0415,13.8293,17407.9123,13.229,12657.6088,13.1649,12709.6858,,
40,20210531,603656.SH,14.1784,14.7646,14.1784,14.6752,14.5162,0.1590000000000007,1.0953,6681.6,9793.157,0.4488,14.6573,12049.532,14.7716,23705.251,14.0035,20745.9255,13.775,17407.7283,13.186,12602.0968,13.1661,12907.7182,,
41,20210528,603656.SH,14.7646,14.8739,14.397,14.5162,14.7646,-0.24840000000000018,-1.6824,10461.72,15352.507,0.7027,14.5858,14211.142,14.7318,27155.179,13.9235,20666.0995,13.7243,17418.2283,13.1479,12593.7562,13.1639,12974.1066,,
42,20210527,603656.SH,14.9335,15.1124,14.705,14.7646,14.9335,-0.16890000000000072,-1.131,10832.9,16261.595,0.7276,14.6633,15870.558,14.696,32464.243,13.8589,20541.5715,13.672,17250.0177,13.1111,12565.5182,13.1625,12965.4729,,
43,20210526,603656.SH,14.4566,15.162,14.2579,14.9335,14.397,0.5365000000000002,3.7265,17770.8,26475.744,1.1936,14.6513,19813.146,14.5063,32080.473,13.7815,20518.9965,13.615,17154.8543,13.0641,12502.1552,13.1556,12934.9537,,
44,20210525,603656.SH,14.3175,14.854,14.1784,14.397,14.3175,0.07949999999999946,0.5553,14500.64,21155.432,0.974,14.7269,22323.722,14.3374,31054.289,13.7104,20187.5145,13.5564,16741.3477,13.0132,12324.3465,13.1497,12830.9177,,
45,20210524,603656.SH,14.7149,14.9037,14.3076,14.3175,14.9037,-0.5861999999999998,-3.9333,17489.65,25586.558,1.1747,14.8858,35360.97,14.2052,30503.113,13.6523,20292.0055,13.5163,16480.677,12.9737,12315.3252,13.1495,12784.4507,,
46,20210521,603656.SH,14.9037,15.0527,14.397,14.9037,14.705,0.19870000000000054,1.3512,18758.8,27884.073,1.26,14.8779,40099.216,14.0572,29545.492,13.6155,20054.069,13.4832,16161.3553,12.9348,12196.8543,13.1512,12728.2503,,
47,20210520,603656.SH,15.3309,15.3508,14.6652,14.705,15.3111,-0.6060999999999996,-3.9586,30545.84,46116.576,2.0517,14.7288,49057.928,13.8217,28879.868,13.5385,19648.861,13.4306,16073.222,12.8831,12065.9237,13.1468,12614.399,,
48,20210519,603656.SH,15.0428,15.3906,14.9037,15.3111,15.1918,0.11929999999999907,0.7853,30323.68,46362.862,2.0368,14.3612,44347.8,13.6538,26541.46,13.462,19056.435,13.3802,15417.9927,12.8347,11704.265,13.1439,12423.6837,,
49,20210518,603656.SH,14.2777,15.5793,13.8903,15.1918,14.2777,0.9141000000000012,6.4023,79686.88,120810.243,5.3524,13.9479,39784.856,13.4521,25082.748,13.3701,17768.201,13.3027,14988.5353,12.7698,11330.0633,13.1349,12299.1263,,
50,20210517,603656.SH,13.9697,14.5361,13.7114,14.2777,14.1585,0.1191999999999993,0.8419,41180.88,57895.673,2.766,13.5246,25645.256,13.2355,17786.6,13.2767,14258.967,13.2149,12514.126,12.7057,10168.2907,13.1254,11720.8443,,
51,20210514,603656.SH,12.8072,14.1585,12.8072,14.1585,12.8669,1.2916000000000007,10.0382,63552.36,87831.178,4.2687,13.2365,18991.768,13.1152,14177.02,13.2206,12549.753,13.152,11310.1167,12.6481,9621.005,13.1214,11416.5136,,
52,20210513,603656.SH,13.1649,13.1749,12.7576,12.8669,13.2444,-0.3775000000000013,-2.8503,6995.2,9134.583,0.4698,12.9146,8701.808,13.0219,8618.9,13.16,9642.905,13.0984,9460.0607,12.585,8693.7307,13.1175,10950.1556,,
53,20210512,603656.SH,13.0656,13.314,12.9165,13.2444,13.0755,0.16890000000000072,1.2917,7508.96,9985.619,0.5044,12.9463,8735.12,13.0566,8957.52,13.1694,9692.045,13.0785,9356.53,12.5478,8695.812,13.1264,10909.7956,,
54,20210511,603656.SH,12.9165,13.1351,12.7377,13.0755,12.8371,0.2384000000000004,1.8571,8988.88,11696.016,0.6038,12.9563,10380.64,13.0835,9320.74,13.1659,9584.877,13.0421,9372.954,12.509,8711.0593,13.1322,10878.9169,,
55,20210510,603656.SH,12.5688,12.9762,12.4098,12.8371,12.5489,0.2881999999999998,2.2966,7913.44,10165.335,0.5315,12.9463,9927.944,13.0994,10080.898,13.1719,9469.459,13.0139,9320.8913,12.4787,8662.7213,13.1406,10846.7679,,
56,20210507,603656.SH,13.0855,13.2146,12.4992,12.5489,13.0258,-0.47690000000000055,-3.6612,12102.56,15582.989,0.8129,12.994,9362.272,13.1739,10562.646,13.1962,9469.287,12.9993,9248.9193,12.4555,8622.32,13.1514,10856.9543,,
57,20210506,603656.SH,13.4829,13.4829,12.996,13.0258,13.2941,-0.2683,-2.0182,7161.76,9440.215,0.481,13.1292,8535.992,13.2553,10417.854,13.235,9669.899,13.0033,9054.334,12.4356,8516.088,13.1627,10803.8056,,
58,20210430,603656.SH,13.0258,13.463,12.6582,13.2941,13.0258,0.2683,2.0598,15736.56,20633.029,1.057,13.1669,9179.92,13.2703,11571.41,13.2434,9856.259,12.9848,9013.3287,12.4077,8572.5287,13.17,10808.7123,,
59,20210429,603656.SH,13.0755,13.1848,13.006,13.0258,13.0755,-0.04969999999999963,-0.3801,6725.4,8854.786,0.4517,13.2106,8260.84,13.2881,10453.654,13.228,9941.429,12.9516,8654.39,12.3798,8400.706,13.1744,10715.7993,,
60,20210428,603656.SH,13.2146,13.2643,12.9861,13.0755,13.2246,-0.14910000000000068,-1.1274,5085.08,6707.287,0.3416,13.2524,10233.852,13.3179,10731.334,13.2047,9877.889,12.9285,8623.7433,12.3585,8457.8083,13.1819,10708.9509,,
61,20210427,603656.SH,13.2146,13.3935,13.0656,13.2246,13.2146,0.009999999999999787,0.0757,7971.16,10622.201,0.5354,13.3537,11763.02,13.3259,10922.486,13.1704,9876.665,12.9083,8940.7927,12.3431,8466.2583,13.187,10712.8849,,
62,20210426,603656.SH,13.622,13.622,13.0954,13.2146,13.5127,-0.2980999999999998,-2.2061,10381.4,13861.129,0.6973,13.3815,12299.716,13.2981,10666.91,13.1366,9880.641,12.8708,8894.3407,12.3273,8504.731,13.1904,10703.5469,,
63,20210423,603656.SH,13.2444,13.5624,13.0457,13.5127,13.2345,0.2782,2.1021,11141.16,15027.595,0.7483,13.3736,13962.9,13.2822,10426.57,13.0894,9556.035,12.8357,8754.8007,12.3171,8464.3063,13.1982,10669.6203,,
64,20210422,603656.SH,13.5624,13.9201,13.1947,13.2345,13.5822,-0.3476999999999997,-2.56,16590.46,22421.17,1.1143,13.3656,12646.468,13.2484,9849.014,13.0214,9399.061,12.797,8562.6953,12.3025,8503.0958,13.2058,10645.6956,,
65,20210421,603656.SH,13.4133,13.7611,13.1649,13.5822,13.3637,0.21850000000000058,1.635,12730.92,17229.771,0.8551,13.3835,11228.816,13.2444,8858.02,12.9712,8940.888,12.7625,8223.2013,12.2924,8635.9298,13.2147,10538.2288,,
66,20210420,603656.SH,13.0954,13.5524,12.9265,13.3637,13.1749,0.18880000000000052,1.433,10654.64,14367.361,0.7156,13.2981,10081.952,13.2186,8375.928,12.9121,8592.056,12.7205,8229.104,12.2845,9325.4222,13.2207,10471.0411,,
67,20210419,603656.SH,13.2643,13.2643,12.8072,13.1749,13.4729,-0.29800000000000004,-2.2118,18697.32,24654.642,1.2559,13.2146,9034.104,13.2146,8921.944,12.8773,8372.574,12.6897,8231.2493,12.274,9533.2675,13.2289,10420.7441,,
68,20210416,603656.SH,13.4034,13.5028,13.2146,13.4729,13.3239,0.14899999999999913,1.1183,4559.0,6159.196,0.3062,13.1908,6890.24,13.2166,8141.108,12.842,7734.288,12.6648,7795.4253,12.2517,9615.3588,13.2396,10310.7928,,
69,20210415,603656.SH,13.155,13.612,13.0457,13.3239,13.155,0.16890000000000072,1.2839,9502.2,12711.954,0.6382,13.1312,7051.56,13.1679,9429.204,12.7834,7754.758,12.6287,7907.3053,12.2202,10039.6262,13.248,10315.0964,,
70,20210414,603656.SH,13.1053,13.2941,12.9066,13.155,12.9464,0.2085999999999988,1.6113,6996.6,9225.196,0.4699,13.1053,6487.224,13.0914,9024.444,12.7337,7569.948,12.5969,7796.4653,12.1894,10193.2395,13.2584,10297.7697,,
71,20210413,603656.SH,12.9364,13.1649,12.9364,12.9464,13.0556,-0.10919999999999952,-0.8364,5415.4,7103.068,0.3637,13.1391,6669.904,13.0149,8830.844,12.6994,7949.946,12.5714,7769.284,12.1755,10215.7725,13.2686,10285.1631,,
72,20210412,603656.SH,13.1848,13.2842,12.9464,13.0556,13.1749,-0.11929999999999907,-0.9055,7978.0,10511.328,0.5359,13.2146,8809.784,12.9751,9094.372,12.6572,8008.056,12.5502,7881.0187,12.1661,10351.1045,13.28,10284.7264,,
73,20210409,603656.SH,13.2047,13.314,13.006,13.1749,13.1947,-0.01980000000000004,-0.1501,5365.6,7083.753,0.3604,13.2424,9391.976,12.8967,8685.5,12.6125,7918.916,12.5131,7849.456,12.1704,10402.0572,13.2908,10267.1264,,
74,20210408,603656.SH,13.314,13.5425,13.1153,13.1947,13.3239,-0.12920000000000087,-0.9697,6680.52,8892.76,0.4487,13.2047,11806.848,12.7943,8949.108,12.5713,7919.536,12.4701,7907.3453,12.1692,10582.5158,13.3016,10281.9074,,
75,20210407,603656.SH,13.314,13.5127,13.2146,13.3239,13.3239,0.0,0.0,7910.0,10636.97,0.5313,13.0775,11561.664,12.698,9023.756,12.5216,7905.792,12.431,8149.9733,12.1803,10697.4288,13.3121,10305.0778,,
76,20210406,603656.SH,13.0656,13.5624,13.0159,13.3239,13.1947,0.12920000000000087,0.9792,16114.8,21703.905,1.0824,12.8907,10991.784,12.6055,8808.184,12.4714,8155.692,12.3863,8232.3533,12.1964,10730.5615,13.3226,10337.8261,,
77,20210402,603656.SH,13.2742,13.2742,12.7675,13.1947,12.9861,0.2085999999999988,1.6063,10888.96,14253.858,0.7314,12.7357,9378.96,12.54,7823.204,12.4272,7885.902,12.3356,8058.6253,12.2194,10596.2248,13.3312,10268.4884,,
78,20210401,603656.SH,12.5787,13.0457,12.4694,12.9861,12.5589,0.4272000000000009,3.4016,17439.96,22598.418,1.1714,12.5509,7979.024,12.4674,7327.468,12.3889,7622.584,12.2893,7990.5373,12.2426,10552.9108,13.3391,10224.6721,,
79,20210331,603656.SH,12.3899,12.6185,12.2906,12.5589,12.3899,0.1689999999999987,1.364,5454.6,6855.634,0.3664,12.384,6091.368,12.3989,6080.312,12.3591,7146.356,12.2369,7671.5913,12.2631,10370.9648,13.3483,10132.7118,,
80,20210330,603656.SH,12.7377,12.7377,12.3204,12.3899,12.5489,-0.15899999999999892,-1.267,5060.6,6335.705,0.3399,12.3184,6485.848,12.376,6115.452,12.3497,7182.476,12.1965,7822.4553,12.2912,10478.3268,13.3607,10167.951,,
81,20210329,603656.SH,12.2707,12.6185,12.1912,12.5489,12.2707,0.2782,2.2672,8050.68,10096.503,0.5407,12.3204,6624.584,12.384,7069.048,12.3497,7238.504,12.1442,7931.8933,12.3326,10571.3215,13.3754,10207.256,,
82,20210326,603656.SH,12.1117,12.3005,12.0323,12.2707,12.1515,0.1191999999999993,0.9809,3889.28,4778.354,0.2612,12.3442,6267.448,12.3393,6921.74,12.3378,7274.342,12.0717,7927.4007,12.3782,10599.6202,13.3859,10225.26,,
83,20210325,603656.SH,12.221,12.3403,12.0024,12.1515,12.231,-0.07949999999999946,-0.65,8001.68,9797.792,0.5375,12.384,6675.912,12.3283,7152.332,12.3214,7431.434,12.017,8035.094,12.4307,10736.2622,13.4011,10261.5823,,
84,20210324,603656.SH,12.3204,12.5589,12.221,12.231,12.3999,-0.16890000000000072,-1.3621,7427.0,9274.028,0.4989,12.4138,6069.256,12.3482,6889.964,12.308,7386.464,11.9759,8049.1647,12.4875,10952.4628,13.4167,10259.0433,,
85,20210323,603656.SH,12.6681,12.7178,12.38,12.3999,12.6681,-0.2682000000000002,-2.1171,5754.28,7227.14,0.3865,12.4336,5745.056,12.3452,6787.828,12.2975,7713.082,11.9435,8004.5513,12.5317,11038.2153,13.4337,10289.4837,,
86,20210322,603656.SH,12.2906,12.688,12.2906,12.6681,12.4694,0.19870000000000054,1.5935,6265.0,7929.676,0.4208,12.4475,7513.512,12.3373,7503.2,12.2767,7944.438,11.9117,7995.7207,12.58,11422.7312,13.4485,10338.0063,,
87,20210319,603656.SH,12.2508,12.4992,12.0323,12.4694,12.3005,0.16890000000000072,1.3731,5931.6,7399.574,0.3984,12.3343,7576.032,12.3144,7948.6,12.2334,8176.336,11.868,7977.842,12.608,11420.1645,13.4604,10411.754,,
88,20210318,603656.SH,12.4198,12.4198,12.231,12.3005,12.3303,-0.029799999999999827,-0.2417,4968.4,6142.614,0.3337,12.2727,7628.752,12.3104,7917.7,12.2002,8322.072,11.8305,8131.7287,12.6359,11410.1103,13.4731,10568.4671,,
89,20210317,603656.SH,12.5191,12.5589,12.2906,12.3303,12.4694,-0.1391000000000009,-1.1155,5806.0,7217.526,0.39,12.2826,7710.672,12.3194,8212.4,12.1559,8467.231,11.808,8147.022,12.6635,11461.0048,13.4915,10774.25,,
90,20210316,603656.SH,12.0223,12.7973,12.0223,12.4694,12.1018,0.3675999999999995,3.0376,14596.56,18252.517,0.9804,12.2568,7830.6,12.3234,8249.5,12.1068,8675.957,11.7885,8291.8733,12.6956,11454.2615,13.5138,11290.2247,,
91,20210315,603656.SH,12.1217,12.3105,11.9329,12.1018,12.1614,-0.05959999999999965,-0.4901,6577.6,8017.541,0.4418,12.227,7492.888,12.3154,7407.96,12.0243,8363.316,11.7779,7991.724,12.7268,11354.7948,13.5442,12236.8045,,
92,20210312,603656.SH,12.3999,12.4297,12.1217,12.1614,12.3502,-0.18879999999999875,-1.5287,6195.2,7627.634,0.4161,12.2946,8321.168,12.3363,7626.944,11.9379,8430.231,11.7839,8115.1213,12.765,11522.0068,13.5863,12679.4658,,
93,20210311,603656.SH,12.2012,12.4098,12.1018,12.3502,12.2012,0.14899999999999913,1.2212,5378.0,6633.84,0.3612,12.3482,8206.648,12.3144,7710.536,11.8614,8476.475,11.7984,8173.812,12.8144,11626.3135,13.6181,13019.9045,,
94,20210310,603656.SH,12.3105,12.4694,12.1316,12.2012,12.3204,-0.1191999999999993,-0.9675,6405.64,7910.637,0.4303,12.3562,8714.128,12.2677,7882.964,11.7898,8628.765,11.808,8443.4963,12.8599,11751.0628,13.6448,13280.0033,,
95,20210309,603656.SH,12.4595,12.6582,12.0819,12.3204,12.4396,-0.11920000000000108,-0.9582,12908.0,16105.975,0.867,12.3899,8668.4,12.2498,8638.336,11.7426,8612.913,11.8223,9048.6583,12.9131,11919.8395,13.6645,13332.4079,,
96,20210308,603656.SH,12.4794,12.6582,12.4297,12.4396,12.4297,0.00990000000000002,0.0796,10719.0,13514.961,0.72,12.4038,7323.032,12.2161,8385.676,11.6989,8241.981,11.8484,10421.7403,12.9603,12280.5958,13.6846,13291.1586,,
97,20210305,603656.SH,12.38,12.4496,12.2012,12.4297,12.3899,0.03979999999999961,0.3212,5622.6,6996.2,0.3777,12.378,6932.72,12.1525,8404.072,11.6448,7992.463,11.8584,10835.2857,13.0144,12490.0578,13.7036,13313.6424,,
98,20210304,603656.SH,12.3899,12.5489,12.1217,12.3899,12.3701,0.01980000000000004,0.1601,7915.4,9897.373,0.5317,12.2806,7214.424,12.0899,8726.444,11.5906,8238.743,11.8385,11435.2923,13.0575,12604.558,13.7261,13341.7304,,
99,20210303,603656.SH,12.4198,12.4396,12.221,12.3701,12.3899,-0.01980000000000004,-0.1598,6177.0,7667.108,0.4149,12.1793,7051.8,11.9925,8722.062,11.5524,8114.333,11.8117,12171.947,13.1007,12761.7628,13.7495,13342.7244,,
100,20210302,603656.SH,12.3502,12.5191,12.231,12.3899,12.3105,0.07940000000000147,0.645,6181.16,7703.97,0.4152,12.1097,8608.272,11.8902,9102.414,11.521,8313.06,11.7819,12590.0137,13.1462,13213.3397,13.7717,13381.5898,,
101,20210301,603656.SH,11.9726,12.3701,11.9726,12.3105,11.9428,0.36769999999999925,3.0788,8767.44,10753.107,0.5889,12.0283,9448.32,11.7332,9318.672,11.5091,8283.606,11.7796,12662.261,13.1798,13354.457,13.7952,13417.6831,,
102,20210226,603656.SH,11.6746,12.0223,11.605,11.9428,11.8832,0.05959999999999965,0.5015,7031.12,8366.052,0.4723,11.9269,9875.424,11.5394,9233.518,11.5076,8359.21,11.7819,12821.1903,13.214,13365.4277,13.8181,13435.6664,,
103,20210225,603656.SH,12.0223,12.0819,11.8236,11.8832,12.0223,-0.1390999999999991,-1.157,7102.28,8528.151,0.477,11.8991,10238.464,11.4083,9242.414,11.5404,8405.45,11.8276,12954.6583,13.2471,13367.7523,13.8417,13516.6978,,
104,20210224,603656.SH,12.2707,12.3105,11.8932,12.0223,11.9826,0.039699999999999847,0.3313,13959.36,17026.414,0.9376,11.8057,10392.324,11.3119,9374.566,11.5782,8723.7625,11.8683,13257.6863,13.2862,13337.489,13.871,13553.7618,,
105,20210223,603656.SH,11.7044,12.2012,11.6249,11.9826,11.8037,0.1789000000000005,1.5156,10381.4,12526.61,0.6973,11.6706,9596.556,11.2354,8587.49,11.6085,9253.8195,11.9296,13244.8843,13.3254,13253.5763,13.898,13507.0808,,
106,20210222,603656.SH,11.8137,12.0621,11.7342,11.8037,11.8037,0.0,0.0,10902.96,13075.811,0.7323,11.4381,9189.024,11.1817,8098.286,11.6646,11439.7725,12.0064,13228.7697,13.3676,13259.6463,13.924,13524.014,,
107,20210219,603656.SH,11.4262,11.8037,11.3368,11.8037,11.4162,0.3874999999999993,3.3943,8846.32,10389.652,0.5942,11.1519,8591.612,11.137,7580.854,11.7113,12050.8925,12.1031,13133.8243,13.4105,13162.8743,13.9516,13500.45,,
108,20210218,603656.SH,11.4262,11.7143,11.3765,11.4162,11.3467,0.06949999999999967,0.6125,7871.58,9070.613,0.5287,10.9175,8246.364,11.0913,7751.042,11.7128,12789.7165,12.1959,13115.2843,13.4531,13143.1023,13.9803,13530.5403,,
109,20210210,603656.SH,10.8002,11.605,10.7903,11.3467,10.8201,0.5266000000000002,4.8669,9980.52,11309.092,0.6704,10.8181,8356.808,11.1122,7506.604,11.7213,13896.8895,12.2893,13070.3383,13.4999,13268.1893,14.014,13568.3938,,
110,20210209,603656.SH,10.4723,10.9791,10.2736,10.8201,10.373,0.4471000000000007,4.3102,8343.74,8934.302,0.5604,10.8002,7578.424,11.1519,7523.706,11.7277,14333.8135,12.386,13134.1983,13.545,13273.3978,14.0501,13654.1069,,
111,20210208,603656.SH,10.522,10.7207,10.3432,10.373,10.6313,-0.2583000000000002,-2.4296,7915.9,8341.827,0.5317,10.9254,7007.548,11.2851,7248.54,11.8027,14334.0555,12.5211,13210.7497,13.5947,13212.0222,14.0898,13683.7774,,
112,20210205,603656.SH,11.0884,11.1579,10.5618,10.6313,10.9194,-0.2881,-2.6384,7120.08,7767.35,0.4782,11.1221,6570.096,11.4758,7484.902,11.9031,14615.0265,12.6847,13271.8397,13.65,13206.5805,14.1342,13748.0074,,
113,20210204,603656.SH,11.297,11.297,10.7803,10.9194,11.2573,-0.3379000000000012,-3.0016,8423.8,9324.83,0.5658,11.2652,7255.72,11.6726,7568.486,12.0372,14810.7805,12.8443,13437.4303,13.7051,13123.7792,14.1747,13807.7816,,
114,20210203,603656.SH,11.5752,11.5752,11.2175,11.2573,11.446,-0.18869999999999898,-1.6486,6088.6,6934.121,0.409,11.4063,6656.4,11.8445,8072.959,12.1465,15199.2465,12.999,13855.761,13.7555,13046.7745,14.2119,13887.5149,,
115,20210202,603656.SH,11.3964,11.605,11.2076,11.446,11.3566,0.08939999999999948,0.7872,5489.36,6308.601,0.3687,11.5037,7468.988,11.9816,9920.149,12.2767,15573.5815,13.1199,14071.8793,13.8025,13030.8145,14.2501,14048.8799,,
116,20210201,603656.SH,11.5057,11.5553,11.2275,11.3566,11.3467,0.00990000000000002,0.0873,5728.64,6549.02,0.3848,11.6448,7489.532,12.1475,14781.259,12.4188,15794.0115,13.2484,14849.7417,13.8474,13091.5885,14.2818,14176.1948,,
117,20210129,603656.SH,11.8832,11.8832,11.2076,11.3467,11.6249,-0.2782,-2.3931,10548.2,12147.882,0.7085,11.8296,8399.708,12.2856,16520.931,12.5862,15910.3095,13.3481,14862.487,13.8897,13091.5232,14.317,14425.0862,,
118,20210128,603656.SH,11.7342,11.9627,11.605,11.6249,11.7441,-0.1191999999999993,-1.015,5427.2,6429.943,0.3645,12.08,7881.252,12.3343,17828.391,12.7481,15797.4055,13.4412,14688.492,13.9323,13044.8958,14.3496,14444.0456,,
119,20210127,603656.SH,12.1515,12.1714,11.7143,11.7441,12.1515,-0.4074000000000009,-3.3527,10151.54,12182.855,0.6819,12.2826,9489.518,12.3303,20287.175,12.8778,15852.2055,13.519,14774.9877,13.9689,13030.8925,14.3782,14542.9316,,
120,20210126,603656.SH,12.2807,12.38,11.9627,12.1515,12.2807,-0.1291999999999991,-1.0521,5592.08,6814.081,0.3756,12.4595,12371.31,12.3035,21143.921,13.003,15939.4445,13.6028,14616.6497,14.0053,12960.0935,14.4079,14650.6167,,
121,20210125,603656.SH,12.4992,12.5986,12.1515,12.2807,12.5986,-0.31789999999999985,-2.5233,10279.52,12728.275,0.6904,12.6503,22072.986,12.3204,21419.571,13.1391,16191.8545,13.6756,14717.8657,14.0308,12959.5115,14.4311,14748.8862,,
122,20210122,603656.SH,12.6185,12.8669,12.3701,12.5986,12.6383,-0.039699999999999847,-0.3141,7955.92,10068.499,0.5344,12.7417,24642.154,12.3303,21745.151,13.2891,16165.3085,13.7462,14928.8923,14.0534,12902.3628,14.452,14835.5152,,
123,20210121,603656.SH,12.4595,12.8172,12.3204,12.6383,12.6284,0.00990000000000002,0.0784,13468.53,17012.869,0.9046,12.5886,27775.53,12.4019,22053.075,13.4302,16371.9025,13.8303,15078.815,14.0794,12874.9342,14.4708,14906.0176,,
124,20210120,603656.SH,13.0258,13.1053,11.7938,12.6284,13.1053,-0.47690000000000055,-3.639,24560.5,30796.84,1.6497,12.378,31084.832,12.4486,22325.534,13.5763,16747.162,13.9118,15058.6293,14.109,12788.2953,14.4891,15036.3878,,
125,20210119,603656.SH,12.5589,13.5524,12.5489,13.1053,12.7377,0.3675999999999995,2.8859,54100.46,72448.691,3.6338,12.1475,29916.532,12.5718,21227.014,13.689,16147.7445,14.0038,14791.0207,14.137,12440.5277,14.5033,14913.0642,,
126,20210118,603656.SH,11.8435,12.8768,11.8435,12.7377,11.8335,0.9041999999999994,7.641,23125.36,29162.586,1.5533,11.9905,20766.156,12.69,16806.764,13.7988,14883.983,14.0721,14139.4513,14.1569,11616.66,14.5144,14578.281,,
127,20210115,603656.SH,11.6249,12.0819,11.5653,11.8335,11.5851,0.24840000000000018,2.1441,23622.8,28092.976,1.5867,11.919,18848.148,12.8867,15299.688,13.8793,14033.265,14.1704,14144.83,14.1838,11308.2207,14.5309,14551.1483,,
128,20210114,603656.SH,11.3268,11.8236,11.0287,11.5851,11.4759,0.1092000000000013,0.9516,30015.04,34615.026,2.016,12.2151,16330.62,13.162,13766.42,13.9946,13118.5425,14.2764,13773.8237,14.2276,11006.2267,14.5586,14551.5985,,
129,20210113,603656.SH,12.3701,12.4198,11.4262,11.4759,12.3204,-0.8445,-6.8545,18719.0,22172.353,1.2573,12.5191,13566.236,13.4253,11417.236,14.1133,12018.894,14.3897,13351.5787,14.2758,10590.5667,14.5858,14393.5111,,
130,20210112,603656.SH,12.6781,12.7278,12.221,12.3204,12.38,-0.05960000000000143,-0.4814,8348.58,10431.656,0.5608,12.996,12537.496,13.7025,10734.968,14.2524,11353.014,14.5106,13836.6657,14.3274,10402.3,14.6144,14381.8844,,
131,20210111,603656.SH,13.0457,13.2643,12.3601,12.38,13.314,-0.9339999999999993,-7.0152,13535.32,17309.879,0.9091,13.3895,12847.372,13.9578,10964.138,14.3533,11367.013,14.5801,14046.653,14.3617,10354.5537,14.6308,14405.9163,,
132,20210108,603656.SH,13.1153,13.4034,12.5986,13.314,13.1053,0.20870000000000033,1.5925,11035.16,14456.388,0.7412,13.8545,11751.228,14.2479,10585.466,14.4541,11520.763,14.646,13909.665,14.394,10218.3483,14.645,14402.8876,,
133,20210107,603656.SH,13.7412,13.8704,12.8768,13.1053,13.8604,-0.7551000000000005,-5.4479,16193.12,21664.113,1.0877,14.1088,11202.22,14.4586,10690.73,14.5445,11591.685,14.6666,13780.8463,14.4112,10132.1957,14.6547,14481.3622,,
134,20210106,603656.SH,14.2976,14.3076,13.7114,13.8604,14.2877,-0.4272999999999989,-2.9907,13575.3,19039.709,0.9118,14.3314,9268.236,14.704,11168.79,14.6434,11425.177,14.704,13417.2917,14.4341,9981.299,14.6704,14554.9456,,
135,20210105,603656.SH,14.6553,14.6752,14.2082,14.2877,14.705,-0.4173000000000009,-2.8378,9897.96,14279.381,0.6648,14.4089,8932.44,14.8063,11068.475,14.7199,11573.024,14.7212,13262.2683,14.444,9912.7267,14.6792,14608.2003,,
136,20210104,603656.SH,14.5858,14.7547,14.4665,14.705,14.5858,0.1191999999999993,0.8172,8054.6,11861.38,0.541,14.5261,9080.904,14.9077,12961.202,14.7631,12805.795,14.7288,13290.523,14.4488,9945.0907,14.6801,14695.708,,
137,20201231,603656.SH,14.2181,14.6553,14.0492,14.5858,14.2181,0.367700000000001,2.5861,8290.12,12026.051,0.5568,14.6414,9419.704,14.8719,12766.842,14.8123,13567.401,14.7179,13191.9243,14.443,9940.752,14.6799,14849.3733,,
138,20201230,603656.SH,14.2579,14.387,14.2082,14.2181,14.2479,-0.029799999999999827,-0.2092,6523.2,9371.133,0.4381,14.8083,10179.24,14.8272,12470.665,14.8337,13777.5255,14.7103,13170.9203,14.4357,9896.4333,14.6778,14970.7407,,
139,20201229,603656.SH,14.864,14.8739,14.2181,14.2479,14.8739,-0.6260000000000012,-4.2087,11896.32,17291.256,0.799,15.0766,13069.344,14.8014,12620.552,14.8719,14318.75,14.7106,13466.0403,14.4336,9894.4587,14.6769,15169.1951,,
140,20201228,603656.SH,15.1521,15.2713,14.864,14.8739,15.2813,-0.4073999999999991,-2.666,10640.28,16041.649,0.7147,15.2038,13204.51,14.8024,11971.06,14.9146,15387.5145,14.704,13412.5973,14.4301,9857.5752,14.6758,15317.0708,,
141,20201225,603656.SH,15.2415,15.4899,14.9633,15.2813,15.4204,-0.1391000000000009,-0.9021,9748.6,14912.729,0.6548,15.2892,16841.5,14.7487,11769.888,14.8913,15587.9105,14.6682,13213.2947,14.4182,9843.1905,,,,
142,20201224,603656.SH,15.4999,15.6489,15.1819,15.4204,15.5595,-0.1390999999999991,-0.894,12087.8,18681.672,0.8119,15.1024,16113.98,14.6603,12456.06,14.8451,15571.7645,14.6152,13141.3213,14.3937,9850.8998,,,,
143,20201223,603656.SH,14.8739,15.7284,14.854,15.5595,14.8838,0.6756999999999991,4.5398,20973.72,32498.332,1.4088,14.8461,14762.09,14.6305,12492.64,14.7706,15325.9045,14.5659,12810.128,14.3715,9786.9025,,,,
144,20201222,603656.SH,15.2216,15.4005,14.854,14.8838,15.3011,-0.4172999999999991,-2.7273,12572.15,19156.497,0.8444,14.5261,12171.76,14.5828,11681.564,14.704,14541.5425,14.5119,12237.788,14.346,9565.6238,,,,
145,20201221,603656.SH,14.6255,15.5495,14.3175,15.3011,14.3473,0.9537999999999993,6.6479,28825.23,43695.752,1.9361,14.4009,10737.61,14.6335,12077.573,14.6787,14359.165,14.4851,11989.7497,14.3357,9540.752,,,,
146,20201218,603656.SH,14.1386,14.4765,13.9399,14.3473,14.1386,0.20870000000000033,1.4761,6111.0,8799.047,0.4105,14.2082,6698.276,14.6185,12650.388,14.6394,13455.1835,14.4463,11333.4353,14.317,9253.2815,,,,
147,20201217,603656.SH,14.2082,14.238,13.771,14.1386,13.9598,0.17880000000000074,1.2808,5328.35,7517.131,0.3579,14.2181,8798.14,14.7527,14367.96,14.6409,13404.4655,14.4314,11320.5593,14.3129,9403.3435,,,,
148,20201216,603656.SH,14.1188,14.2877,13.8306,13.9598,14.2579,-0.2980999999999998,-2.0908,8022.07,11286.344,0.5388,14.4149,10223.19,14.8401,15084.386,14.6518,13521.048,14.4235,11401.2997,14.3104,9726.8238,,,,
149,20201215,603656.SH,14.079,14.387,14.0592,14.2579,14.3374,-0.07950000000000124,-0.5545,5401.4,7767.728,0.3628,14.6394,11191.368,14.9425,16016.948,14.6652,13888.7845,14.4188,11286.7973,14.3195,10087.4952,,,,
150,20201214,603656.SH,14.4069,14.7845,14.0592,14.3374,14.397,-0.05959999999999965,-0.414,8628.56,12496.926,0.5796,14.866,13417.536,15.0269,18803.969,14.6548,14133.366,14.4079,11303.5373,14.3319,11126.1878,,,,
151,20201211,603656.SH,15.2117,15.2813,14.238,14.397,15.1223,-0.725299999999999,-4.7962,16610.32,24492.28,1.1157,15.0289,18602.5,15.0339,19405.933,14.628,13934.998,14.386,11201.1573,14.3617,13118.8142,,,,
152,20201210,603656.SH,15.0527,15.5297,15.0031,15.1223,15.0825,0.03979999999999961,0.2639,12453.6,19123.341,0.8365,15.2872,19937.78,15.0299,18687.469,14.5927,13483.952,14.3605,10875.8333,14.4076,13836.9248,,,,
153,20201209,603656.SH,15.3011,15.6489,15.0627,15.0825,15.3906,-0.3080999999999996,-2.0019,12862.96,19829.307,0.864,15.2654,19945.582,14.9107,18159.169,14.5336,12968.872,14.3284,10671.0533,14.4218,14413.4955,,,,
154,20201208,603656.SH,15.0428,15.6787,14.9037,15.3906,15.1521,0.23849999999999838,1.574,16532.24,25446.741,1.1104,15.2455,20842.528,14.8252,17401.521,14.4765,12515.9,14.3062,10517.9613,14.4298,14808.9437,,,,
155,20201207,603656.SH,15.5098,16.2947,15.0031,15.1521,15.6886,-0.5364999999999984,-3.4197,34553.38,54668.504,2.3209,15.1879,24190.402,14.7239,16640.757,14.4109,11945.838,14.2701,10090.0347,14.416,14744.9763,,,,
156,20201204,603656.SH,14.9931,15.6886,14.8143,15.6886,15.013,0.6755999999999993,4.5001,23286.72,36149.302,1.5641,15.0388,20209.366,14.6603,14259.979,14.3602,10674.959,14.2416,9093.8687,14.4089,14301.7213,,,,
157,20201203,603656.SH,14.9832,15.3806,14.7745,15.013,14.9832,0.029799999999999827,0.1989,12492.61,19024.743,0.8391,14.7725,17437.158,14.5291,12440.971,14.2708,9796.859,14.1973,8471.6113,14.3928,14137.227,,,,
158,20201202,603656.SH,15.1024,15.2216,14.8739,14.9832,15.1024,-0.1191999999999993,-0.7893,17347.69,26233.956,1.1652,14.5559,16372.756,14.4635,11957.71,14.2151,9559.7565,14.1787,8238.6297,14.3947,14078.9028,,,,
159,20201201,603656.SH,14.3076,15.2813,14.3076,15.1024,14.4069,0.6954999999999991,4.8275,33271.61,50197.319,2.2348,14.4049,13960.514,14.388,11760.621,14.157,8921.722,14.1618,7829.5547,14.3983,13923.686,,,,
160,20201130,603656.SH,14.2976,14.7447,14.2281,14.4069,14.3572,0.04969999999999963,0.3462,14648.2,21435.602,0.9839,14.2599,9091.112,14.2827,9462.763,14.0984,7553.3215,14.1443,6967.9343,14.3971,13549.8398,,,,
161,20201127,603656.SH,13.9697,14.3572,13.8604,14.3572,13.93,0.4272000000000009,3.0668,9425.68,13376.32,0.6331,14.2817,8310.592,14.2221,8464.063,14.0621,7098.7695,14.1433,6662.4543,14.4106,13480.9092,,,,
162,20201126,603656.SH,14.1287,14.2877,13.8505,13.93,14.2281,-0.2980999999999998,-2.0951,7170.6,10122.464,0.4816,14.2857,7444.784,14.1555,8280.435,14.0259,6970.0155,14.1419,6527.0317,14.4223,13505.9052,,,,
163,20201125,603656.SH,14.3175,14.4963,14.1883,14.2281,14.3771,-0.1490000000000009,-1.0364,5286.48,7611.564,0.3551,14.3711,7542.664,14.1565,7778.575,14.0373,6926.9955,14.1559,6483.545,14.4364,13665.6433,,,,
164,20201124,603656.SH,14.4069,14.5659,14.238,14.3771,14.5162,-0.1390999999999991,-0.9582,8924.6,12937.87,0.5994,14.3711,9560.728,14.1277,7630.279,14.0467,7076.1815,14.1641,6545.3063,14.4559,13770.0347,,,,
165,20201123,603656.SH,14.4963,14.5659,14.4168,14.5162,14.3771,0.1390999999999991,0.9675,10745.6,15677.435,0.7218,14.3056,9834.414,14.0979,7250.919,14.0433,6814.6735,14.1668,6563.185,14.4707,13760.5853,,,,
166,20201120,603656.SH,14.3572,14.4268,14.2281,14.3771,14.3572,0.019899999999999807,0.1386,5096.64,7345.516,0.3423,14.1625,8617.534,14.0601,7089.939,14.0323,6510.8135,14.1688,6599.6583,14.4804,13788.3817,,,,
167,20201119,603656.SH,14.387,14.4566,14.1883,14.3572,14.2281,0.1291000000000011,0.9074,7660.0,11058.85,0.5145,14.0254,9116.086,14.0124,7152.747,14.0313,6486.9315,14.1681,6689.5797,14.4927,13838.0257,,,,
168,20201118,603656.SH,14.0492,14.3274,14.0393,14.2281,14.0492,0.17889999999999873,1.2734,15376.8,21994.851,1.0328,13.9419,8014.486,13.9667,7161.803,14.0363,6379.0895,14.1612,6621.9463,14.5074,13917.9783,,,,
169,20201117,603656.SH,13.7213,14.0492,13.6617,14.0492,13.8008,0.24840000000000018,1.7999,10293.03,14333.705,0.6914,13.8843,5699.83,13.926,6082.823,14.0487,5864.0215,14.1565,6322.877,14.5281,13868.5983,,,,
170,20201116,603656.SH,13.7015,13.8505,13.6518,13.8008,13.6915,0.10930000000000106,0.7983,4661.2,6456.97,0.3131,13.8902,4667.424,13.9141,5643.88,14.075,5720.52,14.1562,6302.553,14.5551,14034.816,,,,
171,20201113,603656.SH,13.8505,13.9101,13.5028,13.6915,13.9399,-0.24840000000000018,-1.7819,7589.4,10419.756,0.5098,13.9578,5562.344,13.9022,5733.476,14.1039,5761.65,14.1681,6473.0863,14.5849,14155.5327,,,,
172,20201112,603656.SH,13.9598,14.0095,13.8604,13.9399,13.9399,0.0,0.0,2152.0,3019.742,0.1445,13.9995,5189.408,13.8962,5659.596,14.1352,5650.33,14.1721,6560.4783,14.6184,14289.4343,,,,
173,20201111,603656.SH,14.2877,14.2877,13.9101,13.9399,14.079,-0.1391000000000009,-0.988,3803.52,5352.449,0.2555,13.9916,6309.12,13.9181,6075.416,14.1555,5836.03,14.1771,6763.677,14.6444,14491.784,,,,
174,20201110,603656.SH,14.238,14.238,13.9995,14.079,14.1386,-0.05959999999999965,-0.4215,5131.0,7283.474,0.3446,13.9677,6465.816,13.9657,6522.084,14.1824,6002.82,14.18,6893.4597,14.6684,14728.2553,,,,
175,20201109,603656.SH,14.0194,14.2678,13.9201,14.1386,13.9002,0.2384000000000004,1.7151,9135.8,13000.793,0.6136,13.9379,6620.336,13.9886,6378.428,14.2012,6219.318,14.1863,7091.7543,14.6977,15066.9453,,,,
176,20201106,603656.SH,13.9499,13.9499,13.7412,13.9002,13.9002,0.0,0.0,5724.72,7974.697,0.3845,13.8465,5904.608,14.0045,5931.688,14.2231,6354.518,14.1877,7173.1277,14.7163,15260.8012,,,,
177,20201105,603656.SH,13.9101,14.0989,13.8108,13.9002,13.8207,0.07949999999999946,0.5752,7750.56,10828.537,0.5206,13.7929,6129.784,14.0502,5821.116,14.2459,6457.996,14.1943,7486.1277,14.7442,15758.6492,,,,
178,20201104,603656.SH,13.9598,14.089,13.7512,13.8207,13.93,-0.10929999999999929,-0.7846,4587.0,6400.02,0.3081,13.8445,5841.712,14.1059,5596.376,14.2584,6352.018,14.1973,8052.348,14.7669,15843.1953,,,,
179,20201103,603656.SH,13.8406,14.0095,13.6816,13.93,13.6816,0.24840000000000018,1.8156,5903.6,8253.785,0.3965,13.9638,6578.352,14.1714,5645.22,14.2718,6442.904,14.2201,8888.193,14.7875,16054.9707,,,,
180,20201102,603656.SH,13.5326,13.9002,13.5326,13.6816,13.6319,0.04969999999999963,0.3646,5557.16,7647.329,0.3733,14.0393,6136.52,14.236,5797.16,14.2773,6631.8895,14.2559,10948.8383,14.8105,16341.14,,,,
181,20201030,603656.SH,14.1883,14.1883,13.612,13.6319,14.1585,-0.5266000000000002,-3.7193,6850.6,9612.745,0.4601,14.1625,5958.768,14.3056,5789.824,14.3011,6842.8915,14.3374,15036.471,14.8313,16538.2608,,,,
182,20201029,603656.SH,14.0095,14.3572,14.0095,14.1585,14.4168,-0.2583000000000002,-1.7917,6310.2,9041.332,0.4238,14.3075,5512.448,14.3741,5641.064,14.31,7010.9195,14.4546,16798.0163,14.8506,16768.6677,,,,
183,20201028,603656.SH,14.2082,14.5063,14.0989,14.4168,14.3076,0.10919999999999952,0.7632,8270.2,11870.93,0.5555,14.3672,5351.04,14.393,5596.644,14.3066,7107.8075,14.5152,18155.9377,14.8621,16937.101,,,,
184,20201027,603656.SH,14.2281,14.3672,14.2281,14.3076,14.2976,0.010000000000001563,0.0699,3694.44,5320.826,0.2481,14.3791,4712.088,14.399,5483.556,14.2872,7079.1475,14.5533,19099.926,14.8693,17284.4803,,,,
185,20201026,603656.SH,14.3175,14.4168,14.1088,14.2976,14.3572,-0.05960000000000143,-0.4151,4668.4,6713.183,0.3136,14.4327,5457.8,14.4139,6060.208,14.2852,7448.4175,14.5619,19399.918,14.8696,17385.6008,,,,
186,20201023,603656.SH,14.4765,14.5659,14.3274,14.3572,14.4566,-0.09939999999999927,-0.6876,4619.0,6707.162,0.3102,14.4486,5620.88,14.4417,6777.348,14.2792,7793.8475,14.5762,19509.574,14.8719,17539.902,,,,
187,20201022,603656.SH,14.556,14.6056,14.2678,14.4566,14.4765,-0.019899999999999807,-0.1375,5503.16,8038.665,0.3696,14.4407,5769.68,14.4417,7094.876,14.2663,8318.6335,14.5884,19802.8427,14.878,17794.076,,,,
188,20201021,603656.SH,14.6553,14.6553,14.3572,14.4765,14.5758,-0.0992999999999995,-0.6813,5075.44,7384.322,0.3409,14.4188,5842.248,14.4109,7107.66,14.243,9280.334,14.6106,19919.176,14.8896,18096.9703,,,,
189,20201020,603656.SH,14.3274,14.6056,14.2877,14.5758,14.3771,0.19869999999999877,1.3821,7423.0,10837.635,0.4986,14.4188,6255.024,14.3721,7240.588,14.2445,10509.6795,14.6348,20017.8173,14.8959,18196.4555,,,,
190,20201019,603656.SH,14.4566,14.4665,14.3374,14.3771,14.3175,0.05959999999999965,0.4163,5483.8,7954.688,0.3683,14.395,6662.616,14.3185,7466.619,14.2658,13524.6775,14.65,20131.7453,14.9014,18361.4688,,,,
191,20201016,603656.SH,14.2579,14.397,14.2181,14.3175,14.3473,-0.029799999999999827,-0.2077,5363.0,7713.278,0.3602,14.4347,7933.816,14.2966,7895.959,14.3533,19659.7945,14.6778,20299.364,14.8999,18457.2788,,,,
192,20201015,603656.SH,14.4765,14.5361,14.2877,14.3473,14.4765,-0.1291999999999991,-0.8925,5866.0,8490.153,0.394,14.4427,8420.072,14.246,8380.775,14.4949,22376.4925,14.7027,20484.7787,14.8959,18587.4268,,,,
193,20201014,603656.SH,14.4069,14.6156,14.4069,14.4765,14.4566,0.019899999999999807,0.1377,7139.32,10429.919,0.4795,14.4029,8373.072,14.2201,8618.971,14.5763,24435.5845,14.7169,20847.7417,14.8982,18830.5287,,,,
194,20201013,603656.SH,14.5758,14.5758,14.4069,14.4566,14.5758,-0.1191999999999993,-0.8178,9460.96,13777.493,0.6355,14.3254,8226.152,14.1754,8674.739,14.6305,25908.111,14.7477,20994.763,14.9067,19128.5922,,,,
195,20201012,603656.SH,14.3572,14.6553,14.3374,14.5758,14.3572,0.21859999999999857,1.5226,11839.8,17336.702,0.7952,14.242,8270.622,14.1565,8836.627,14.6359,26069.773,14.7746,20957.9857,14.9143,19303.674,,,,
196,20201009,603656.SH,14.2579,14.4963,14.238,14.3572,14.1486,0.20860000000000056,1.4744,7794.28,11255.546,0.5235,14.1585,7858.102,14.1168,8810.347,14.6434,25875.687,14.7921,20977.105,14.9115,19446.3253,,,,
197,20200930,603656.SH,14.089,14.2281,14.0294,14.1486,14.089,0.05959999999999965,0.423,5631.0,8016.375,0.3782,14.0492,8341.478,14.091,9542.391,14.6618,26156.826,14.8173,20986.4717,14.9168,19757.9947,,,,
198,20200929,603656.SH,14.3572,14.3572,14.0095,14.089,14.0393,0.04969999999999963,0.354,6404.72,9086.104,0.4302,14.0373,8864.87,14.0751,11453.008,14.7105,26324.934,14.8537,21214.0103,14.9199,20045.048,,,,
199,20200928,603656.SH,14.1486,14.4566,14.0095,14.0393,14.1585,-0.1191999999999993,-0.8419,9683.31,13891.917,0.6504,14.0254,9123.326,14.1168,13778.771,14.7661,26406.432,14.8997,21414.3197,14.9203,20443.9315,,,,
200,20200925,603656.SH,14.0989,14.2976,13.7015,14.1585,13.8108,0.3476999999999997,2.5176,9777.2,13827.868,0.6567,14.0711,9402.632,14.2132,19582.736,14.8158,26464.3085,14.9541,21767.079,14.9216,20776.5663,,,,
201,20200924,603656.SH,13.9499,13.9995,13.7114,13.8108,14.089,-0.2782,-1.9746,10211.16,14239.902,0.6859,14.0751,9762.592,14.4099,31423.63,14.8684,26501.0665,15.0017,21837.979,,,,,,
202,20200923,603656.SH,14.0492,14.1486,14.0095,14.089,14.0294,0.05959999999999965,0.4248,8247.96,11671.505,0.554,14.1327,10743.304,14.7438,36372.21,14.931,26536.7805,15.0647,22018.3903,,,,,,
203,20200922,603656.SH,14.2281,14.2281,14.0095,14.0294,14.2678,-0.2383999999999986,-1.6709,7697.0,10923.461,0.517,14.1128,14041.146,14.9325,40252.198,14.9653,26962.127,15.1117,22219.891,,,,,,
204,20200921,603656.SH,14.1883,14.387,14.0592,14.2678,14.1784,0.08939999999999948,0.6305,11079.84,15876.376,0.7442,14.2082,18434.216,15.0855,43141.483,15.0339,27154.775,15.1567,22563.051,,,,,,
205,20200918,603656.SH,14.0492,14.2281,13.9101,14.1784,14.0989,0.07949999999999946,0.5639,11577.0,16422.31,0.7776,14.3553,29762.84,15.1154,43302.919,15.0836,27018.665,15.2091,23042.1363,,,,,,
206,20200917,603656.SH,13.9101,14.1585,13.7909,14.0989,13.9896,0.10930000000000106,0.7813,15114.72,21261.194,1.0152,14.7447,53084.668,15.17,42941.027,15.1298,27060.484,15.2448,23348.4747,,,,,,
207,20200916,603656.SH,14.4864,14.4963,13.9499,13.9896,14.5063,-0.5167000000000002,-3.5619,24737.17,35282.963,1.6615,15.3548,62001.116,15.2326,42771.261,15.1804,26708.512,15.2942,24031.1707,,,,,,
208,20200915,603656.SH,14.5858,14.705,14.2082,14.5063,15.0031,-0.49680000000000035,-3.3113,29662.35,43219.564,1.9923,15.7522,66463.25,15.3459,41196.86,15.243,26094.5115,15.3366,23634.0427,,,,,,
209,20200914,603656.SH,14.5162,15.1819,14.5162,15.0031,16.1258,-1.1227000000000018,-6.9621,67722.96,100371.972,4.5488,15.9629,67848.75,15.4154,39034.093,15.2912,25232.094,15.3548,23221.7483,,,,,,
210,20200911,603656.SH,18.0633,18.7389,15.7184,16.1258,17.1492,-1.0233999999999988,-5.9676,128186.14,225248.586,8.6099,15.8754,56842.998,15.4184,33345.881,15.3245,22859.2505,15.3651,21733.4417,,,,,,
211,20200910,603656.SH,15.8873,17.1492,15.6986,17.1492,15.9768,1.1723999999999997,7.3381,59696.96,97617.702,4.0097,15.5953,32797.386,15.327,21578.503,15.2977,17045.1535,15.3253,18040.0507,,,,,,
212,20200909,603656.SH,15.5098,16.0861,15.3508,15.9768,15.5595,0.4173000000000009,2.682,47047.84,74553.149,3.1601,15.1104,23541.406,15.1183,16701.351,15.2251,14841.4805,15.2465,16739.319,,,,,,
213,20200908,603656.SH,14.6156,15.7979,14.4963,15.5595,14.5659,0.9936000000000007,6.8214,36589.85,56236.711,2.4576,14.9395,15930.47,14.9981,13672.056,15.2013,13203.7375,15.2091,15718.2643,,,,,,
214,20200907,603656.SH,14.864,15.1521,14.5261,14.5659,14.7249,-0.1590000000000007,-1.0798,12694.2,18937.356,0.8526,14.868,10219.436,14.9822,11168.067,15.1923,12273.835,15.1852,15469.0347,,,,,,
215,20200904,603656.SH,14.5659,14.7348,14.4367,14.7249,14.7249,0.0,0.0,7958.08,11682.943,0.5345,14.9614,9848.764,15.0518,10734.411,15.2559,12911.745,15.1773,15371.2837,,,,,,
216,20200903,603656.SH,15.0229,15.1521,14.6851,14.7249,15.1223,-0.3973999999999993,-2.6279,13417.06,20039.62,0.9012,15.0587,10359.62,15.0895,11179.941,15.2823,13552.1985,15.1677,15570.23,,,,,,
217,20200902,603656.SH,15.172,15.2515,14.9832,15.1223,15.2018,-0.07950000000000124,-0.523,8993.16,13663.198,0.604,15.1263,9861.296,15.1283,10645.763,15.325,14661.1255,15.1677,15785.3093,,,,,,
218,20200901,603656.SH,15.1223,15.3011,14.9335,15.2018,15.0329,0.16890000000000072,1.1235,8034.68,12257.411,0.5397,15.0567,11413.642,15.1402,10992.163,15.3319,14852.634,15.1687,16274.7647,,,,,,
219,20200831,603656.SH,15.1223,15.3608,14.9733,15.0329,15.2117,-0.17880000000000074,-1.1754,10840.84,16570.733,0.7282,15.0965,12116.698,15.167,11430.095,15.3245,15315.576,15.1571,16375.0937,,,,,,
220,20200828,603656.SH,15.2117,15.321,14.8938,15.2117,15.0627,0.1490000000000009,0.9892,10512.36,15997.586,0.7061,15.1422,11620.058,15.2306,12372.62,15.3384,15927.222,15.1528,16591.1923,,,,,,
221,20200827,603656.SH,14.8938,15.0825,14.6056,15.0627,14.7745,0.2881999999999998,1.9507,10925.44,16375.27,0.7338,15.1203,12000.262,15.2684,12511.804,15.3245,16270.8245,15.122,16615.1937,,,,,,
222,20200826,603656.SH,15.3707,15.5595,14.6652,14.7745,15.4005,-0.6259999999999994,-4.0648,16754.89,25280.5,1.1254,15.1302,11430.23,15.3319,12981.61,15.3106,16758.303,15.0892,16690.075,,,,,,
223,20200825,603656.SH,15.2216,15.6489,15.1124,15.4005,15.2614,0.1390999999999991,0.9114,11549.96,17900.861,0.7758,15.2236,10570.684,15.4045,12735.419,15.3146,16741.3685,15.0796,16813.3157,,,,,,
224,20200824,603656.SH,15.1223,15.2912,14.9633,15.2614,15.1024,0.1590000000000007,1.0528,8357.64,12713.723,0.5614,15.2375,10743.492,15.4025,13379.603,15.2867,17619.5185,15.0657,17262.4213,,,,,,
225,20200821,603656.SH,15.2415,15.5495,15.0726,15.1024,15.1124,-0.009999999999999787,-0.0662,12413.38,19119.716,0.8338,15.319,13125.182,15.4601,15089.079,15.24,17689.72,15.0541,17649.3623,,,,,,
226,20200820,603656.SH,15.2316,15.2515,15.0825,15.1124,15.2415,-0.1291000000000011,-0.847,8075.28,12322.081,0.5424,15.4164,13023.346,15.475,15924.456,15.2068,17765.3745,15.0309,17915.5457,,,,,,
227,20200819,603656.SH,15.47,15.5098,15.2216,15.2415,15.47,-0.22850000000000037,-1.4771,12457.16,19192.289,0.8367,15.5336,14532.99,15.5217,18676.488,15.1874,18355.0825,15.0163,18529.5177,,,,,,
228,20200818,603656.SH,15.6588,15.6986,15.3806,15.47,15.6688,-0.19879999999999853,-1.2688,12414.0,19349.386,0.8338,15.5853,14900.154,15.5237,18713.105,15.1829,18916.0655,14.9862,18876.0857,,,,,,
229,20200817,603656.SH,15.5893,15.7284,15.4005,15.6688,15.5893,0.07949999999999946,0.51,20266.09,31730.828,1.3612,15.5674,16015.714,15.482,19201.057,15.1521,18847.593,14.9408,19473.5433,,,,,,
230,20200814,603656.SH,15.639,15.8277,15.1819,15.5893,15.6986,-0.10930000000000106,-0.6962,11904.2,18534.925,0.7996,15.6012,17052.976,15.4462,19481.824,15.1138,18700.4785,14.8891,19786.0537,,,,,,
231,20200813,603656.SH,15.4999,16.0165,15.321,15.6986,15.4999,0.19870000000000054,1.2819,15623.5,24762.771,1.0494,15.5337,18825.566,15.3806,20029.845,15.0488,18666.8885,,,,,,,,
232,20200812,603656.SH,15.2018,15.5495,15.0527,15.4999,15.3806,0.11930000000000085,0.7757,14292.98,21949.163,0.96,15.5098,22819.986,15.2892,20534.996,14.9678,18544.3075,,,,,,,,
233,20200811,603656.SH,15.6986,15.8873,15.321,15.3806,15.8377,-0.4571000000000005,-2.8862,17991.8,28191.797,1.2085,15.4621,22526.056,15.2246,20747.318,14.9171,18852.264,,,,,,,,
234,20200810,603656.SH,15.2912,15.9668,15.1521,15.8377,15.2515,0.5861999999999998,3.8436,25452.4,40106.671,1.7096,15.3965,22386.4,15.171,21859.434,14.8972,19203.8305,,,,,,,,
235,20200807,603656.SH,15.5495,15.5992,15.0229,15.2515,15.5793,-0.32779999999999987,-2.1041,20767.15,31934.186,1.3949,15.2912,21910.672,15.0199,20290.361,14.851,18929.504,,,,,,,,
236,20200806,603656.SH,15.2614,16.0463,15.1918,15.5793,15.2614,0.31789999999999985,2.083,35595.6,55888.716,2.3909,15.2276,21234.124,14.9385,19606.293,14.8088,18911.0905,,,,,,,,
237,20200805,603656.SH,15.1819,15.3111,14.9633,15.2614,15.0527,0.20870000000000033,1.3865,12823.33,19557.571,0.8613,15.0686,18250.006,14.853,18033.677,14.7636,18456.0325,,,,,,,,
238,20200804,603656.SH,15.2515,15.321,14.9335,15.0527,15.3111,-0.25839999999999996,-1.6877,17293.52,26262.0,1.1616,14.9872,18968.58,14.8421,19119.026,14.7174,18957.576,,,,,,,,
239,20200803,603656.SH,15.0825,15.4005,15.013,15.3111,14.9335,0.37759999999999927,2.5285,23073.76,35294.862,1.5498,14.9454,21332.468,14.8222,18494.129,14.6702,19609.7865,,,,,,,,
240,20200731,603656.SH,14.6752,15.0031,14.6553,14.9335,14.7845,0.1490000000000009,1.0078,17384.41,25987.886,1.1677,14.7487,18670.05,14.7815,17919.133,14.6106,19938.1685,,,,,,,,
241,20200730,603656.SH,14.7646,15.013,14.7348,14.7845,14.854,-0.06949999999999967,-0.4679,20675.01,30961.105,1.3887,14.6493,17978.462,14.7169,17303.932,,,,,,,,,,
242,20200729,603656.SH,14.7547,14.8938,14.4069,14.854,14.8441,0.00990000000000002,0.0667,16416.2,24263.747,1.1026,14.6374,17817.348,14.6464,16553.619,,,,,,,,,,
243,20200728,603656.SH,14.4566,15.7582,14.4566,14.8441,14.3274,0.5166999999999984,3.6064,29112.96,43818.082,1.9554,14.697,19269.472,14.6096,16957.21,,,,,,,,,,
244,20200727,603656.SH,14.4268,14.5858,14.1486,14.3274,14.4367,-0.10929999999999929,-0.7571,9761.67,14045.663,0.6557,14.699,15655.79,14.6235,16548.227,,,,,,,,,,
245,20200724,603656.SH,14.7249,14.8938,14.3572,14.4367,14.7249,-0.2881999999999998,-1.9572,13926.47,20502.115,0.9354,14.8143,17168.216,14.6821,17568.647,,,,,,,,,,
246,20200723,603656.SH,14.9534,14.9931,14.4566,14.7249,15.1521,-0.4272000000000009,-2.8194,19869.44,29444.835,1.3346,14.7845,16629.402,14.6791,18215.888,,,,,,,,,,
247,20200722,603656.SH,14.7845,15.2813,14.7845,15.1521,14.854,0.2981000000000016,2.0069,23676.82,35787.748,1.5903,14.6553,15289.89,14.6742,18878.388,,,,,,,,,,
248,20200721,603656.SH,14.9733,15.1422,14.7646,14.854,14.9037,-0.04970000000000141,-0.3335,11044.55,16570.965,0.7418,14.5222,14644.948,14.5927,18796.126,,,,,,,,,,
249,20200720,603656.SH,14.3572,14.9633,14.3572,14.9037,14.2877,0.6160000000000014,4.3114,17323.8,25779.732,1.1636,14.548,17440.664,14.5182,20725.444,,,,,,,,,,
250,20200717,603656.SH,14.2082,14.3771,13.93,14.2877,14.079,0.20869999999999855,1.4823,11232.4,16031.625,0.7545,14.55,17969.078,14.4397,21957.204,,,,,,,,,,
251,20200716,603656.SH,14.4963,14.6354,14.0592,14.079,14.4864,-0.4073999999999991,-2.8123,13171.88,19000.739,0.8847,14.5738,19802.374,,,,,,,,,,,,
252,20200715,603656.SH,15.0031,15.2713,14.4765,14.4864,14.9832,-0.49680000000000035,-3.3157,20452.11,30438.774,1.3737,14.6931,22466.886,,,,,,,,,,,,
253,20200714,603656.SH,14.9434,15.2813,13.9101,14.9832,14.9136,0.06959999999999944,0.4667,25023.13,37679.233,1.6807,14.6633,22947.304,,,,,,,,,,,,
254,20200713,603656.SH,14.4069,14.9534,14.4069,14.9136,14.4069,0.5067000000000004,3.5171,19965.87,29666.661,1.3411,14.4884,24010.224,,,,,,,,,,,,
255,20200710,603656.SH,14.6752,14.7944,14.387,14.4069,14.6752,-0.2683,-1.8283,20398.88,29862.897,1.3701,14.3294,25945.33,,,,,,,,,,,,
256,20200709,603656.SH,14.3473,14.7348,14.3175,14.6752,14.3374,0.33779999999999966,2.3561,26494.44,38694.27,1.7796,,,,,,,,,,,,,,
257,20200708,603656.SH,14.1685,14.4467,14.0294,14.3374,14.1088,0.22860000000000014,1.6203,22854.2,32842.669,1.5351,,,,,,,,,,,,,,
258,20200707,603656.SH,14.1883,14.3175,14.0095,14.1088,14.1188,-0.009999999999999787,-0.0708,30337.73,43202.265,2.0377,,,,,,,,,,,,,,
259,20200706,603656.SH,13.8108,14.1486,13.7611,14.1188,13.7114,0.4074000000000009,2.9713,29641.4,41751.403,1.9909,,,,,,,,,,,,,,
